#mpa_vOct22_CHOCOPhlAnSGB_202212
clade_name	metaphlan_w_uc_FKO01_S1	metaphlan_w_uc_FKO03_S2	metaphlan_w_uc_FKO04_S3	metaphlan_w_uc_FKO05_S4	metaphlan_w_uc_FKO06_S5	metaphlan_w_uc_FKO07_S6	metaphlan_w_uc_FKO08_S7	metaphlan_w_uc_FKO09_S8	metaphlan_w_uc_FWT01_S10	metaphlan_w_uc_FWT02_S11	metaphlan_w_uc_FWT03_S12	metaphlan_w_uc_FWT04_S13	metaphlan_w_uc_FWT05_S14	metaphlan_w_uc_FWT06_S15	metaphlan_w_uc_FWT07_S16	metaphlan_w_uc_FWT10_S19	metaphlan_w_uc_FYEX-2_S52	metaphlan_w_uc_FYEX-4_S54	metaphlan_w_uc_FYEX-5_S55	metaphlan_w_uc_FYKO-5_S44	metaphlan_w_uc_FYWT-1_S59	metaphlan_w_uc_FYWT-3_S60	metaphlan_w_uc_MKO01_S20	metaphlan_w_uc_MKO02_S21	metaphlan_w_uc_MKO03_S22	metaphlan_w_uc_MKO04_S23	metaphlan_w_uc_MKO05_S24	metaphlan_w_uc_MKO06_S25	metaphlan_w_uc_MKO07_S26	metaphlan_w_uc_MKO08_S27	metaphlan_w_uc_MKO09_S28	metaphlan_w_uc_MKO10_S29	metaphlan_w_uc_MWT01_S30	metaphlan_w_uc_MWT03_S32	metaphlan_w_uc_MWT05_S33	metaphlan_w_uc_MWT07_S35	metaphlan_w_uc_MWT08_S36	metaphlan_w_uc_MYEX-10_S84	metaphlan_w_uc_MYEX-11_S85	metaphlan_w_uc_MYEX-1_S76	metaphlan_w_uc_MYEX-2_S77	metaphlan_w_uc_MYEX-5_S79	metaphlan_w_uc_MYEX-6_S80	metaphlan_w_uc_MYEX-7_S81	metaphlan_w_uc_MYEX-8_S82	metaphlan_w_uc_MYKO-2_S67	metaphlan_w_uc_MYKO-4_S69	metaphlan_w_uc_MYKO-5_S70	metaphlan_w_uc_MYKO-6_S71	metaphlan_w_uc_MYKO-7_S72	metaphlan_w_uc_MYKO-9_S74	metaphlan_w_uc_MYWT-3_S88	metaphlan_w_uc_MYWT-6_S91
UNCLASSIFIED	34.34312	32.6245	33.10548	30.95607	25.78957	32.02045	23.12618	33.48463	25.18232	27.28611	31.26269	28.93523	32.37155	23.07088	24.11164	24.24387	18.18153	22.06809	27.01997	23.36187	27.72627	25.29991	33.98812	31.94696	29.87265	30.67617	30.17149	29.41924	22.02139	27.11867	21.48453	88.67551	13.10701	23.56649	17.27402	19.80364	23.57809	29.84222	31.49204	30.74696	22.70353	31.83922	26.08435	40.4236	34.38346	24.37028	16.53897	33.0272	28.88985	35.32225	35.27772	35.26532	3.02667
k__Bacteria	65.65688	67.3755	66.89452	69.04393	74.21043	67.97955	76.87382	66.51537	74.81768	72.71389	68.73731	71.06477	67.62845	76.92912	75.88836	75.75613	81.81847	77.93191	72.98003	76.63813	72.27373	74.70009	66.01188	68.05304	70.12735	69.32383	69.82851	70.58076	77.97861	72.88133	78.51547	11.32449	86.89299	76.43351	82.72598	80.19636	76.42191	70.15778	68.50796	69.25304	77.29647	68.16078	73.91565	59.5764	65.61654	75.62972	83.46103	66.9728	71.11015	64.67775	64.72228	64.73468	96.97333
k__Bacteria|p__Firmicutes	65.41942	67.31218	66.89452	67.94558	73.23535	67.93	76.87382	66.41447	73.5338	72.71389	68.09877	70.87358	67.25523	74.84577	75.81428	75.03964	80.55048	76.75484	72.30819	73.45272	68.08028	69.63672	66.01188	68.04387	70.1176	69.32383	69.67454	70.2107	77.83454	71.29089	78.51229	10.60917	86.88328	76.43351	82.72598	80.19636	76.42191	69.94318	68.50796	69.25304	76.84523	67.93078	73.91352	59.5764	65.54177	75.62972	81.82029	66.67975	71.03952	64.67775	64.72228	64.73112	96.97333
k__Bacteria|p__Proteobacteria	0.23313	0.05658	0.0	1.09834	0.97507	0.0	0.0	0.1009	1.18275	0.0	0.63855	0.18413	0.3686	2.0006	0.06955	0.63021	0.87771	0.90992	0.0	2.49883	1.48293	2.18154	0.0	0.0	0.0	0.0	0.15397	0.37005	0.0	1.59044	0.00318	0.02496	0.00971	0.0	0.0	0.0	0.0	0.0	0.0	0.0	0.24543	0.0234	0.0	0.0	0.0	0.0	0.55588	0.0	0.02354	0.0	0.0	0.0	0.0
k__Bacteria|p__Actinobacteria	0.00432	0.00674	0.0	0.0	0.0	0.04954	0.0	0.0	0.0	0.0	0.0	0.0	0.00462	0.0	0.0	0.06324	0.39028	0.26714	0.67185	0.68657	2.71052	2.88183	0.0	0.00917	0.00975	0.0	0.0	0.0	0.14406	0.0	0.0	0.69037	0.0	0.0	0.0	0.0	0.0	0.2146	0.0	0.0	0.20581	0.2066	0.00213	0.0	0.07476	0.0	0.99974	0.29305	0.0471	0.0	0.0	0.00356	0.0
k__Bacteria|p__Firmicutes|c__Bacilli	65.41942	67.29592	66.89452	67.94558	73.23535	67.85386	76.87382	66.41447	73.49299	72.59349	68.09877	70.87358	67.19781	74.84577	75.80005	74.75501	80.55048	76.75484	72.20975	72.57534	68.08028	69.63672	66.01188	68.04387	70.1176	69.32383	69.67454	70.2107	77.83454	71.29089	78.51229	10.40937	86.88328	76.28019	82.72598	80.11671	76.42191	69.94318	68.50796	69.25304	76.84523	67.93078	73.91352	59.5764	65.54177	74.69705	81.14305	66.67975	70.86233	64.67775	64.72228	64.73112	96.97333
k__Bacteria|p__Proteobacteria|c__Gammaproteobacteria	0.23313	0.05658	0.0	1.09834	0.97507	0.0	0.0	0.1009	1.18275	0.0	0.63855	0.18413	0.3686	2.0006	0.06955	0.63021	0.87771	0.90992	0.0	2.49883	1.48293	2.18154	0.0	0.0	0.0	0.0	0.15397	0.37005	0.0	1.59044	0.00318	0.0	0.00971	0.0	0.0	0.0	0.0	0.0	0.0	0.0	0.24543	0.0234	0.0	0.0	0.0	0.0	0.55588	0.0	0.02354	0.0	0.0	0.0	0.0
k__Bacteria|p__Actinobacteria|c__Actinomycetia	0.00432	0.00674	0.0	0.0	0.0	0.04954	0.0	0.0	0.0	0.0	0.0	0.0	0.00462	0.0	0.0	0.0	0.39028	0.26714	0.67185	0.68657	2.71052	2.88183	0.0	0.00917	0.00975	0.0	0.0	0.0	0.14406	0.0	0.0	0.20255	0.0	0.0	0.0	0.0	0.0	0.2146	0.0	0.0	0.20581	0.2066	0.00213	0.0	0.07476	0.0	0.99974	0.29305	0.0471	0.0	0.0	0.00356	0.0
k__Bacteria|p__Firmicutes|c__Bacilli|o__Lactobacillales	65.02353	66.0553	66.87252	67.94558	48.60206	67.34316	72.93705	66.40395	50.27982	62.08835	66.4651	58.0298	67.12744	55.39752	75.77888	73.10781	80.55048	76.75484	72.20975	72.57534	68.08028	69.63672	64.22233	67.02794	63.35722	68.27074	66.65181	59.63829	50.31247	70.89726	49.773	9.09677	82.8782	72.64808	82.38099	80.11671	73.74392	69.94318	68.50796	69.25304	76.84523	67.93078	73.91352	59.5764	65.54177	74.69705	80.75598	66.67975	70.86233	64.67775	64.72228	64.73112	94.58992
k__Bacteria|p__Firmicutes|c__Bacilli|o__Bacillales	0.39589	1.24062	0.022	0.0	24.63329	0.51071	3.93677	0.01052	23.21317	10.50514	1.63367	12.84378	0.07037	19.44825	0.02117	1.6472	0.0	0.0	0.0	0.0	0.0	0.0	1.78956	1.01593	6.76037	1.05309	3.02273	10.57241	27.52208	0.39363	28.73929	1.31259	4.00508	3.63211	0.34499	0.0	2.67799	0.0	0.0	0.0	0.0	0.0	0.0	0.0	0.0	0.0	0.38707	0.0	0.0	0.0	0.0	0.0	2.38341
k__Bacteria|p__Proteobacteria|c__Gammaproteobacteria|o__Enterobacterales	0.23313	0.05658	0.0	1.09834	0.97507	0.0	0.0	0.1009	1.18275	0.0	0.63855	0.18413	0.3686	2.0006	0.06955	0.63021	0.87771	0.90992	0.0	2.49883	1.48293	2.18154	0.0	0.0	0.0	0.0	0.15397	0.37005	0.0	0.08896	0.0	0.0	0.00971	0.0	0.0	0.0	0.0	0.0	0.0	0.0	0.24543	0.0234	0.0	0.0	0.0	0.0	0.55588	0.0	0.02354	0.0	0.0	0.0	0.0
k__Bacteria|p__Firmicutes|c__Bacilli|o__Lactobacillales|f__Streptococcaceae	64.22804	64.44957	66.7898	67.28247	42.38483	62.90867	69.2545	66.01019	39.12684	53.12521	64.97394	51.03061	66.91893	50.2492	42.00125	52.4802	34.94475	47.40133	51.57518	43.69381	62.88169	55.18845	57.62002	66.00428	57.43459	49.66008	56.07978	54.92713	44.90905	54.99846	43.96607	8.51412	6.67972	32.93798	13.07112	2.26242	34.76897	63.96155	48.27695	67.94202	49.44258	58.3453	43.83657	54.74187	61.96479	33.9693	32.84464	59.50398	58.45145	53.24332	64.02508	62.13464	0.0
k__Bacteria|p__Firmicutes|c__Bacilli|o__Lactobacillales|f__Lactobacillaceae	0.7955	1.60573	0.08272	0.12574	5.58484	4.43331	3.5732	0.38432	4.7409	8.96315	0.94025	2.77706	0.19638	2.39037	33.55745	13.15213	9.35348	5.90893	20.63457	27.6241	0.30769	4.34951	6.60231	1.02365	5.92264	18.60057	10.46517	4.66096	5.14816	11.70698	5.61386	0.46785	70.79588	39.54065	68.88274	77.85429	38.97495	0.98039	1.78092	1.25111	0.0	0.75802	0.7998	2.95372	3.57699	2.9506	1.97938	1.40202	2.27608	2.0045	0.0	0.30775	3.53205
k__Bacteria|p__Firmicutes|c__Bacilli|o__Bacillales|f__Staphylococcaceae	0.39589	1.24062	0.022	0.0	24.63329	0.51071	3.93677	0.01052	23.21317	10.50514	1.63367	12.84378	0.07037	19.44825	0.02117	1.6472	0.0	0.0	0.0	0.0	0.0	0.0	1.78956	1.01593	6.76037	1.05309	3.02273	10.57241	27.52208	0.39363	28.73929	1.31259	4.00508	3.63211	0.34499	0.0	2.67799	0.0	0.0	0.0	0.0	0.0	0.0	0.0	0.0	0.0	0.38707	0.0	0.0	0.0	0.0	0.0	2.38341
k__Bacteria|p__Proteobacteria|c__Gammaproteobacteria|o__Enterobacterales|f__Enterobacteriaceae	0.23313	0.05658	0.0	1.09834	0.97507	0.0	0.0	0.1009	1.18275	0.0	0.63855	0.18413	0.3686	2.0006	0.06955	0.63021	0.0	0.0	0.0	2.49883	1.48293	0.0	0.0	0.0	0.0	0.0	0.15397	0.37005	0.0	0.08896	0.0	0.0	0.00971	0.0	0.0	0.0	0.0	0.0	0.0	0.0	0.0	0.0234	0.0	0.0	0.0	0.0	0.01033	0.0	0.02354	0.0	0.0	0.0	0.0
k__Bacteria|p__Actinobacteria|c__Actinomycetia|o__Corynebacteriales|f__Corynebacteriaceae	0.00432	0.00674	0.0	0.0	0.0	0.0	0.0	0.0	0.0	0.0	0.0	0.0	0.00462	0.0	0.0	0.0	0.39028	0.26714	0.67185	0.68657	2.71052	2.88183	0.0	0.00917	0.00975	0.0	0.0	0.0	0.14406	0.0	0.0	0.0	0.0	0.0	0.0	0.0	0.0	0.2146	0.0	0.0	0.20581	0.2066	0.00213	0.0	0.07476	0.0	0.99974	0.29305	0.0471	0.0	0.0	0.00356	0.0
k__Bacteria|p__Firmicutes|c__Bacilli|o__Lactobacillales|f__Streptococcaceae|g__Streptococcus	64.22804	64.44957	66.7898	67.28247	42.38483	62.90867	69.2545	66.01019	39.12684	53.12521	64.97394	51.03061	66.91893	50.2492	42.00125	52.4802	34.94475	47.40133	51.57518	43.69381	62.88169	55.18845	57.62002	66.00428	57.43459	49.66008	56.07978	54.92713	44.90905	54.99846	43.96607	8.51412	6.67972	32.93798	13.07112	2.26242	34.76897	63.96155	48.27695	67.94202	49.44258	58.3453	43.83657	54.74187	61.96479	33.9693	32.84464	59.50398	58.45145	53.24332	64.02508	62.13464	0.0
k__Bacteria|p__Firmicutes|c__Bacilli|o__Lactobacillales|f__Lactobacillaceae|g__Ligilactobacillus	0.7955	1.597	0.08272	0.12574	5.58484	4.43331	3.5732	0.38432	4.7409	8.96315	0.94025	2.77706	0.19638	2.39037	33.5533	13.03996	9.35348	5.90893	20.63457	27.6241	0.30769	4.34951	6.60231	1.02365	5.92264	18.60057	10.46517	4.66096	5.14816	11.70698	5.61386	0.0	70.79588	39.54065	68.88274	77.85429	38.97495	0.98039	1.78092	1.25111	0.0	0.75802	0.7998	2.95372	3.57699	2.9506	1.97938	1.40202	2.27608	2.0045	0.0	0.30775	3.53205
k__Bacteria|p__Firmicutes|c__Bacilli|o__Bacillales|f__Staphylococcaceae|g__Staphylococcus	0.39589	1.24062	0.022	0.0	24.6212	0.51071	3.91974	0.01052	23.21317	10.50514	1.63367	12.84378	0.07037	19.35709	0.02117	1.6472	0.0	0.0	0.0	0.0	0.0	0.0	1.78956	1.01593	6.76037	1.05309	3.02273	10.57241	27.52208	0.39363	28.73929	1.31259	4.00508	3.63211	0.34499	0.0	2.67799	0.0	0.0	0.0	0.0	0.0	0.0	0.0	0.0	0.0	0.38707	0.0	0.0	0.0	0.0	0.0	2.38341
k__Bacteria|p__Proteobacteria|c__Gammaproteobacteria|o__Enterobacterales|f__Enterobacteriaceae|g__Escherichia	0.23313	0.05658	0.0	1.09834	0.97507	0.0	0.0	0.1009	1.18275	0.0	0.63855	0.18413	0.3686	2.0006	0.06955	0.63021	0.0	0.0	0.0	2.49883	1.48293	0.0	0.0	0.0	0.0	0.0	0.15397	0.37005	0.0	0.08896	0.0	0.0	0.00971	0.0	0.0	0.0	0.0	0.0	0.0	0.0	0.0	0.0234	0.0	0.0	0.0	0.0	0.01033	0.0	0.02354	0.0	0.0	0.0	0.0
k__Bacteria|p__Actinobacteria|c__Actinomycetia|o__Corynebacteriales|f__Corynebacteriaceae|g__Corynebacterium	0.00432	0.00674	0.0	0.0	0.0	0.0	0.0	0.0	0.0	0.0	0.0	0.0	0.00462	0.0	0.0	0.0	0.39028	0.26714	0.67185	0.68657	2.71052	2.88183	0.0	0.00917	0.00975	0.0	0.0	0.0	0.14406	0.0	0.0	0.0	0.0	0.0	0.0	0.0	0.0	0.2146	0.0	0.0	0.20581	0.2066	0.00213	0.0	0.07476	0.0	0.99974	0.29305	0.0471	0.0	0.0	0.00356	0.0
k__Bacteria|p__Firmicutes|c__Bacilli|o__Lactobacillales|f__Streptococcaceae|g__Streptococcus|s__Streptococcus_danieliae	63.04846	61.24702	66.66742	65.79079	26.37188	62.23999	67.61629	64.20752	38.00925	48.76548	60.01747	46.7531	63.799	42.60529	41.65415	46.24657	34.94475	47.40133	51.57518	43.69381	62.88169	55.18845	52.8128	65.89879	51.45639	47.75264	49.6509	53.50562	35.84288	42.24019	39.70585	8.13408	6.19714	32.93798	11.22156	1.79954	34.11364	63.96155	48.27695	67.94202	49.44258	58.3453	43.83657	54.74187	61.96479	33.9693	32.84464	59.50398	58.45145	53.24332	64.02508	62.13464	0.0
k__Bacteria|p__Firmicutes|c__Bacilli|o__Lactobacillales|f__Streptococcaceae|g__Streptococcus|s__Streptococcus_thoraltensis	1.17958	3.20255	0.12238	0.30533	16.01295	0.66868	1.63821	1.80268	1.11759	4.35973	4.95647	4.27751	3.11993	7.64391	0.34709	0.0	0.0	0.0	0.0	0.0	0.0	0.0	3.9021	0.0	4.06578	0.8974	1.82757	0.30668	8.34239	2.92305	3.39732	0.38004	0.0	0.0	1.66294	0.2964	0.65533	0.0	0.0	0.0	0.0	0.0	0.0	0.0	0.0	0.0	0.0	0.0	0.0	0.0	0.0	0.0	0.0
k__Bacteria|p__Firmicutes|c__Bacilli|o__Lactobacillales|f__Lactobacillaceae|g__Ligilactobacillus|s__Ligilactobacillus_murinus	0.7955	1.597	0.08272	0.12574	5.58484	4.43331	3.5732	0.38432	4.7409	8.96315	0.94025	2.77706	0.19638	2.39037	33.5533	13.03996	9.35348	5.90893	20.63457	27.6241	0.30769	4.34951	6.60231	1.02365	5.92264	18.60057	10.46517	4.66096	5.14816	11.70698	5.61386	0.0	70.79588	39.54065	68.88274	77.85429	38.97495	0.98039	1.78092	1.25111	0.0	0.75802	0.7998	2.95372	3.57699	2.9506	1.97938	1.40202	2.27608	2.0045	0.0	0.30775	3.53205
k__Bacteria|p__Firmicutes|c__Bacilli|o__Bacillales|f__Staphylococcaceae|g__Staphylococcus|s__Staphylococcus_xylosus	0.39589	1.24062	0.022	0.0	24.6212	0.51071	3.91974	0.01052	23.21317	10.50514	1.63367	12.84378	0.07037	1.00359	0.02117	1.6472	0.0	0.0	0.0	0.0	0.0	0.0	0.16671	0.0	0.00428	0.0	0.0	0.0	0.0	0.0	0.0	0.0	0.0	3.63211	0.06857	0.0	0.72024	0.0	0.0	0.0	0.0	0.0	0.0	0.0	0.0	0.0	0.38707	0.0	0.0	0.0	0.0	0.0	2.38341
k__Bacteria|p__Proteobacteria|c__Gammaproteobacteria|o__Enterobacterales|f__Enterobacteriaceae|g__Escherichia|s__Escherichia_coli	0.23313	0.05658	0.0	1.09834	0.97507	0.0	0.0	0.1009	1.18275	0.0	0.63855	0.18413	0.3686	2.0006	0.06955	0.63021	0.0	0.0	0.0	2.49883	1.48293	0.0	0.0	0.0	0.0	0.0	0.15397	0.37005	0.0	0.08896	0.0	0.0	0.00971	0.0	0.0	0.0	0.0	0.0	0.0	0.0	0.0	0.0234	0.0	0.0	0.0	0.0	0.01033	0.0	0.02354	0.0	0.0	0.0	0.0
k__Bacteria|p__Actinobacteria|c__Actinomycetia|o__Corynebacteriales|f__Corynebacteriaceae|g__Corynebacterium|s__Corynebacterium_mastitidis	0.00432	0.00674	0.0	0.0	0.0	0.0	0.0	0.0	0.0	0.0	0.0	0.0	0.00462	0.0	0.0	0.0	0.39028	0.26714	0.67185	0.68657	2.71052	2.88183	0.0	0.00917	0.00975	0.0	0.0	0.0	0.14406	0.0	0.0	0.0	0.0	0.0	0.0	0.0	0.0	0.2146	0.0	0.0	0.20581	0.2066	0.00213	0.0	0.07476	0.0	0.99974	0.29305	0.0471	0.0	0.0	0.00356	0.0
k__Bacteria|p__Firmicutes|c__Bacilli|o__Lactobacillales|f__Streptococcaceae|g__Streptococcus|s__Streptococcus_danieliae|t__SGB82603	63.04846	61.24702	66.66742	65.79079	26.37188	62.23999	67.61629	64.20752	38.00925	48.76548	60.01747	46.7531	63.799	42.60529	41.65415	46.24657	34.94475	47.40133	51.57518	43.69381	62.88169	55.18845	52.8128	65.89879	51.45639	47.75264	49.6509	53.50562	35.84288	42.24019	39.70585	8.13408	6.19714	32.93798	11.22156	1.79954	34.11364	63.96155	48.27695	67.94202	49.44258	58.3453	43.83657	54.74187	61.96479	33.9693	32.84464	59.50398	58.45145	53.24332	64.02508	62.13464	0.0
k__Bacteria|p__Firmicutes|c__Bacilli|o__Lactobacillales|f__Streptococcaceae|g__Streptococcus|s__Streptococcus_thoraltensis|t__SGB29808	1.17958	3.20255	0.12238	0.30533	16.01295	0.66868	1.63821	1.80268	1.11759	4.35973	4.95647	4.27751	3.11993	7.64391	0.34709	0.0	0.0	0.0	0.0	0.0	0.0	0.0	3.9021	0.0	4.06578	0.8974	1.82757	0.30668	8.34239	2.92305	3.39732	0.38004	0.0	0.0	1.66294	0.2964	0.65533	0.0	0.0	0.0	0.0	0.0	0.0	0.0	0.0	0.0	0.0	0.0	0.0	0.0	0.0	0.0	0.0
k__Bacteria|p__Firmicutes|c__Bacilli|o__Lactobacillales|f__Lactobacillaceae|g__Ligilactobacillus|s__Ligilactobacillus_murinus|t__SGB7077	0.7955	1.597	0.08272	0.12574	5.58484	4.43331	3.5732	0.38432	4.7409	8.96315	0.94025	2.77706	0.19638	2.39037	33.5533	13.03996	9.35348	5.90893	20.63457	27.6241	0.30769	4.34951	6.60231	1.02365	5.92264	18.60057	10.46517	4.66096	5.14816	11.70698	5.61386	0.0	70.79588	39.54065	68.88274	77.85429	38.97495	0.98039	1.78092	1.25111	0.0	0.75802	0.7998	2.95372	3.57699	2.9506	1.97938	1.40202	2.27608	2.0045	0.0	0.30775	3.53205
k__Bacteria|p__Firmicutes|c__Bacilli|o__Bacillales|f__Staphylococcaceae|g__Staphylococcus|s__Staphylococcus_xylosus|t__SGB7847	0.39589	1.24062	0.022	0.0	24.6212	0.51071	3.91974	0.01052	23.21317	10.50514	1.63367	12.84378	0.07037	1.00359	0.02117	1.6472	0.0	0.0	0.0	0.0	0.0	0.0	0.16671	0.0	0.00428	0.0	0.0	0.0	0.0	0.0	0.0	0.0	0.0	3.63211	0.06857	0.0	0.72024	0.0	0.0	0.0	0.0	0.0	0.0	0.0	0.0	0.0	0.38707	0.0	0.0	0.0	0.0	0.0	2.38341
k__Bacteria|p__Proteobacteria|c__Gammaproteobacteria|o__Enterobacterales|f__Enterobacteriaceae|g__Escherichia|s__Escherichia_coli|t__SGB10068	0.23313	0.05658	0.0	1.09834	0.97507	0.0	0.0	0.1009	1.18275	0.0	0.63855	0.18413	0.3686	2.0006	0.06955	0.63021	0.0	0.0	0.0	2.49883	1.48293	0.0	0.0	0.0	0.0	0.0	0.15397	0.37005	0.0	0.08896	0.0	0.0	0.00971	0.0	0.0	0.0	0.0	0.0	0.0	0.0	0.0	0.0234	0.0	0.0	0.0	0.0	0.01033	0.0	0.02354	0.0	0.0	0.0	0.0
k__Bacteria|p__Actinobacteria|c__Actinomycetia|o__Corynebacteriales|f__Corynebacteriaceae|g__Corynebacterium|s__Corynebacterium_mastitidis|t__SGB17079	0.00432	0.00674	0.0	0.0	0.0	0.0	0.0	0.0	0.0	0.0	0.0	0.0	0.00462	0.0	0.0	0.0	0.39028	0.26714	0.67185	0.68657	2.71052	2.88183	0.0	0.00917	0.00975	0.0	0.0	0.0	0.14406	0.0	0.0	0.0	0.0	0.0	0.0	0.0	0.0	0.2146	0.0	0.0	0.20581	0.2066	0.00213	0.0	0.07476	0.0	0.99974	0.29305	0.0471	0.0	0.0	0.00356	0.0
k__Bacteria|p__Firmicutes|c__Erysipelotrichia	0.0	0.01626	0.0	0.0	0.0	0.07614	0.0	0.0	0.04081	0.04084	0.0	0.0	0.05742	0.0	0.01423	0.0	0.0	0.0	0.09843	0.87738	0.0	0.0	0.0	0.0	0.0	0.0	0.0	0.0	0.0	0.0	0.0	0.07046	0.0	0.0	0.0	0.07964	0.0	0.0	0.0	0.0	0.0	0.0	0.0	0.0	0.0	0.93267	0.67724	0.0	0.17719	0.0	0.0	0.0	0.0
k__Bacteria|p__Firmicutes|c__Erysipelotrichia|o__Erysipelotrichales	0.0	0.01626	0.0	0.0	0.0	0.07614	0.0	0.0	0.04081	0.04084	0.0	0.0	0.05742	0.0	0.01423	0.0	0.0	0.0	0.09843	0.87738	0.0	0.0	0.0	0.0	0.0	0.0	0.0	0.0	0.0	0.0	0.0	0.07046	0.0	0.0	0.0	0.07964	0.0	0.0	0.0	0.0	0.0	0.0	0.0	0.0	0.0	0.93267	0.67724	0.0	0.17719	0.0	0.0	0.0	0.0
k__Bacteria|p__Firmicutes|c__Erysipelotrichia|o__Erysipelotrichales|f__Erysipelotrichaceae	0.0	0.01626	0.0	0.0	0.0	0.07614	0.0	0.0	0.04081	0.0	0.0	0.0	0.05742	0.0	0.01423	0.0	0.0	0.0	0.09843	0.87738	0.0	0.0	0.0	0.0	0.0	0.0	0.0	0.0	0.0	0.0	0.0	0.07046	0.0	0.0	0.0	0.07964	0.0	0.0	0.0	0.0	0.0	0.0	0.0	0.0	0.0	0.93267	0.67724	0.0	0.17719	0.0	0.0	0.0	0.0
k__Bacteria|p__Firmicutes|c__Erysipelotrichia|o__Erysipelotrichales|f__Erysipelotrichaceae|g__Erysipelotrichaceae_unclassified	0.0	0.01626	0.0	0.0	0.0	0.07614	0.0	0.0	0.04081	0.0	0.0	0.0	0.05742	0.0	0.0	0.0	0.0	0.0	0.09843	0.87738	0.0	0.0	0.0	0.0	0.0	0.0	0.0	0.0	0.0	0.0	0.0	0.0	0.0	0.0	0.0	0.07964	0.0	0.0	0.0	0.0	0.0	0.0	0.0	0.0	0.0	0.93267	0.67724	0.0	0.17719	0.0	0.0	0.0	0.0
k__Bacteria|p__Firmicutes|c__Bacilli|o__Lactobacillales|f__Lactobacillaceae|g__Lactobacillus	0.0	0.00873	0.0	0.0	0.0	0.0	0.0	0.0	0.0	0.0	0.0	0.0	0.0	0.0	0.00414	0.0236	0.0	0.0	0.0	0.0	0.0	0.0	0.0	0.0	0.0	0.0	0.0	0.0	0.0	0.0	0.0	0.28604	0.0	0.0	0.0	0.0	0.0	0.0	0.0	0.0	0.0	0.0	0.0	0.0	0.0	0.0	0.0	0.0	0.0	0.0	0.0	0.0	0.0
k__Bacteria|p__Firmicutes|c__Erysipelotrichia|o__Erysipelotrichales|f__Erysipelotrichaceae|g__Erysipelotrichaceae_unclassified|s__Erysipelotrichaceae_bacterium	0.0	0.01626	0.0	0.0	0.0	0.07614	0.0	0.0	0.04081	0.0	0.0	0.0	0.05742	0.0	0.0	0.0	0.0	0.0	0.0	0.0	0.0	0.0	0.0	0.0	0.0	0.0	0.0	0.0	0.0	0.0	0.0	0.0	0.0	0.0	0.0	0.07964	0.0	0.0	0.0	0.0	0.0	0.0	0.0	0.0	0.0	0.0	0.0	0.0	0.0	0.0	0.0	0.0	0.0
k__Bacteria|p__Firmicutes|c__Bacilli|o__Lactobacillales|f__Lactobacillaceae|g__Lactobacillus|s__Lactobacillus_intestinalis	0.0	0.00873	0.0	0.0	0.0	0.0	0.0	0.0	0.0	0.0	0.0	0.0	0.0	0.0	0.00414	0.0236	0.0	0.0	0.0	0.0	0.0	0.0	0.0	0.0	0.0	0.0	0.0	0.0	0.0	0.0	0.0	0.24291	0.0	0.0	0.0	0.0	0.0	0.0	0.0	0.0	0.0	0.0	0.0	0.0	0.0	0.0	0.0	0.0	0.0	0.0	0.0	0.0	0.0
k__Bacteria|p__Firmicutes|c__Erysipelotrichia|o__Erysipelotrichales|f__Erysipelotrichaceae|g__Erysipelotrichaceae_unclassified|s__Erysipelotrichaceae_bacterium|t__SGB29002	0.0	0.01626	0.0	0.0	0.0	0.07614	0.0	0.0	0.04081	0.0	0.0	0.0	0.05742	0.0	0.0	0.0	0.0	0.0	0.0	0.0	0.0	0.0	0.0	0.0	0.0	0.0	0.0	0.0	0.0	0.0	0.0	0.0	0.0	0.0	0.0	0.07964	0.0	0.0	0.0	0.0	0.0	0.0	0.0	0.0	0.0	0.0	0.0	0.0	0.0	0.0	0.0	0.0	0.0
k__Bacteria|p__Firmicutes|c__Bacilli|o__Lactobacillales|f__Lactobacillaceae|g__Lactobacillus|s__Lactobacillus_intestinalis|t__SGB7055	0.0	0.00873	0.0	0.0	0.0	0.0	0.0	0.0	0.0	0.0	0.0	0.0	0.0	0.0	0.00414	0.0236	0.0	0.0	0.0	0.0	0.0	0.0	0.0	0.0	0.0	0.0	0.0	0.0	0.0	0.0	0.0	0.24291	0.0	0.0	0.0	0.0	0.0	0.0	0.0	0.0	0.0	0.0	0.0	0.0	0.0	0.0	0.0	0.0	0.0	0.0	0.0	0.0	0.0
k__Bacteria|p__Firmicutes|c__Bacilli|o__Lactobacillales|f__Enterococcaceae	0.0	0.0	0.0	0.53738	0.63239	0.00118	0.10935	0.00943	6.41208	0.0	0.55091	4.22214	0.01213	2.75795	0.22019	7.47547	36.25225	23.44458	0.0	1.25743	4.8909	10.09876	0.0	0.0	0.0	0.0101	0.10685	0.05019	0.25525	4.19183	0.19307	0.11481	5.4026	0.16945	0.42713	0.0	0.0	5.00124	18.45009	0.05992	27.40264	8.82746	29.27715	1.88081	0.0	37.77715	45.93196	5.77375	10.1348	9.42993	0.6972	2.28873	91.05787
k__Bacteria|p__Firmicutes|c__Bacilli|o__Lactobacillales|f__Enterococcaceae|g__Enterococcus	0.0	0.0	0.0	0.53738	0.63239	0.00118	0.10935	0.00943	6.41208	0.0	0.55091	4.22214	0.01213	2.75795	0.22019	7.47547	36.25225	23.44458	0.0	1.25743	4.8909	10.09876	0.0	0.0	0.0	0.0101	0.10685	0.05019	0.25525	4.19183	0.19307	0.11481	5.4026	0.16945	0.42713	0.0	0.0	5.00124	18.45009	0.05992	27.40264	8.82746	29.27715	1.88081	0.0	37.77715	45.93196	5.77375	10.1348	9.42993	0.6972	2.28873	91.05787
k__Bacteria|p__Firmicutes|c__Bacilli|o__Lactobacillales|f__Streptococcaceae|g__Streptococcus|s__Streptococcus_azizii	0.0	0.0	0.0	1.18635	0.0	0.0	0.0	0.0	0.0	0.0	0.0	0.0	0.0	0.0	0.0	6.23363	0.0	0.0	0.0	0.0	0.0	0.0	0.90512	0.1055	1.91242	1.01004	4.60132	1.11484	0.72378	9.83521	0.8629	0.0	0.48258	0.0	0.18661	0.16648	0.0	0.0	0.0	0.0	0.0	0.0	0.0	0.0	0.0	0.0	0.0	0.0	0.0	0.0	0.0	0.0	0.0
k__Bacteria|p__Firmicutes|c__Bacilli|o__Lactobacillales|f__Enterococcaceae|g__Enterococcus|s__Enterococcus_faecalis	0.0	0.0	0.0	0.53738	0.63239	0.00118	0.10935	0.00943	6.41208	0.0	0.55091	4.22214	0.01213	2.75795	0.22019	7.47547	36.25225	23.44458	0.0	1.25743	4.8909	10.09876	0.0	0.0	0.0	0.0101	0.10685	0.05019	0.25525	4.19183	0.19307	0.11481	5.4026	0.16945	0.42713	0.0	0.0	5.00124	18.45009	0.05992	27.40264	8.82746	29.27715	1.88081	0.0	37.77715	45.93196	5.77375	10.1348	9.42993	0.6972	2.28873	91.05787
k__Bacteria|p__Firmicutes|c__Bacilli|o__Lactobacillales|f__Streptococcaceae|g__Streptococcus|s__Streptococcus_azizii|t__SGB8210	0.0	0.0	0.0	1.18635	0.0	0.0	0.0	0.0	0.0	0.0	0.0	0.0	0.0	0.0	0.0	6.23363	0.0	0.0	0.0	0.0	0.0	0.0	0.90512	0.1055	1.91242	1.01004	4.60132	1.11484	0.72378	9.83521	0.8629	0.0	0.48258	0.0	0.18661	0.16648	0.0	0.0	0.0	0.0	0.0	0.0	0.0	0.0	0.0	0.0	0.0	0.0	0.0	0.0	0.0	0.0	0.0
k__Bacteria|p__Firmicutes|c__Bacilli|o__Lactobacillales|f__Enterococcaceae|g__Enterococcus|s__Enterococcus_faecalis|t__SGB7962	0.0	0.0	0.0	0.53738	0.63239	0.00118	0.10935	0.00943	6.41208	0.0	0.55091	4.22214	0.01213	2.75795	0.22019	7.47547	36.25225	23.44458	0.0	1.25743	4.8909	10.09876	0.0	0.0	0.0	0.0101	0.10685	0.05019	0.25525	4.19183	0.19307	0.11481	5.4026	0.16945	0.42713	0.0	0.0	5.00124	18.45009	0.05992	27.40264	8.82746	29.27715	1.88081	0.0	37.77715	45.93196	5.77375	10.1348	9.42993	0.6972	2.28873	91.05787
k__Bacteria|p__Firmicutes|c__Bacilli|o__Bacillales|f__Staphylococcaceae|g__Jeotgalicoccus	0.0	0.0	0.0	0.0	0.01209	0.0	0.01703	0.0	0.0	0.0	0.0	0.0	0.0	0.0	0.0	0.0	0.0	0.0	0.0	0.0	0.0	0.0	0.0	0.0	0.0	0.0	0.0	0.0	0.0	0.0	0.0	0.0	0.0	0.0	0.0	0.0	0.0	0.0	0.0	0.0	0.0	0.0	0.0	0.0	0.0	0.0	0.0	0.0	0.0	0.0	0.0	0.0	0.0
k__Bacteria|p__Firmicutes|c__Bacilli|o__Bacillales|f__Staphylococcaceae|g__Jeotgalicoccus|s__Jeotgalicoccus_halotolerans	0.0	0.0	0.0	0.0	0.01209	0.0	0.01703	0.0	0.0	0.0	0.0	0.0	0.0	0.0	0.0	0.0	0.0	0.0	0.0	0.0	0.0	0.0	0.0	0.0	0.0	0.0	0.0	0.0	0.0	0.0	0.0	0.0	0.0	0.0	0.0	0.0	0.0	0.0	0.0	0.0	0.0	0.0	0.0	0.0	0.0	0.0	0.0	0.0	0.0	0.0	0.0	0.0	0.0
k__Bacteria|p__Firmicutes|c__Bacilli|o__Bacillales|f__Staphylococcaceae|g__Jeotgalicoccus|s__Jeotgalicoccus_halotolerans|t__SGB24956	0.0	0.0	0.0	0.0	0.01209	0.0	0.01703	0.0	0.0	0.0	0.0	0.0	0.0	0.0	0.0	0.0	0.0	0.0	0.0	0.0	0.0	0.0	0.0	0.0	0.0	0.0	0.0	0.0	0.0	0.0	0.0	0.0	0.0	0.0	0.0	0.0	0.0	0.0	0.0	0.0	0.0	0.0	0.0	0.0	0.0	0.0	0.0	0.0	0.0	0.0	0.0	0.0	0.0
k__Bacteria|p__Actinobacteria|c__Actinomycetia|o__Micrococcales|f__Micrococcaceae|g__Rothia	0.0	0.0	0.0	0.0	0.0	0.04954	0.0	0.0	0.0	0.0	0.0	0.0	0.0	0.0	0.0	0.0	0.0	0.0	0.0	0.0	0.0	0.0	0.0	0.0	0.0	0.0	0.0	0.0	0.0	0.0	0.0	0.0	0.0	0.0	0.0	0.0	0.0	0.0	0.0	0.0	0.0	0.0	0.0	0.0	0.0	0.0	0.0	0.0	0.0	0.0	0.0	0.0	0.0
k__Bacteria|p__Actinobacteria|c__Actinomycetia|o__Micrococcales|f__Micrococcaceae|g__Rothia|s__Rothia_halotolerans	0.0	0.0	0.0	0.0	0.0	0.04954	0.0	0.0	0.0	0.0	0.0	0.0	0.0	0.0	0.0	0.0	0.0	0.0	0.0	0.0	0.0	0.0	0.0	0.0	0.0	0.0	0.0	0.0	0.0	0.0	0.0	0.0	0.0	0.0	0.0	0.0	0.0	0.0	0.0	0.0	0.0	0.0	0.0	0.0	0.0	0.0	0.0	0.0	0.0	0.0	0.0	0.0	0.0
k__Bacteria|p__Actinobacteria|c__Actinomycetia|o__Micrococcales|f__Micrococcaceae|g__Rothia|s__Rothia_halotolerans|t__SGB35109	0.0	0.0	0.0	0.0	0.0	0.04954	0.0	0.0	0.0	0.0	0.0	0.0	0.0	0.0	0.0	0.0	0.0	0.0	0.0	0.0	0.0	0.0	0.0	0.0	0.0	0.0	0.0	0.0	0.0	0.0	0.0	0.0	0.0	0.0	0.0	0.0	0.0	0.0	0.0	0.0	0.0	0.0	0.0	0.0	0.0	0.0	0.0	0.0	0.0	0.0	0.0	0.0	0.0
k__Bacteria|p__Bacteroidetes	0.0	0.0	0.0	0.0	0.0	0.0	0.0	0.0	0.10113	0.0	0.0	0.00706	0.0	0.08275	0.00453	0.0	0.0	0.0	0.0	0.0	0.0	0.0	0.0	0.0	0.0	0.0	0.0	0.0	0.0	0.0	0.0	0.0	0.0	0.0	0.0	0.0	0.0	0.0	0.0	0.0	0.0	0.0	0.0	0.0	0.0	0.0	0.06563	0.0	0.0	0.0	0.0	0.0	0.0
k__Bacteria|p__Bacteroidetes|c__Bacteroidia	0.0	0.0	0.0	0.0	0.0	0.0	0.0	0.0	0.10113	0.0	0.0	0.00706	0.0	0.08275	0.00453	0.0	0.0	0.0	0.0	0.0	0.0	0.0	0.0	0.0	0.0	0.0	0.0	0.0	0.0	0.0	0.0	0.0	0.0	0.0	0.0	0.0	0.0	0.0	0.0	0.0	0.0	0.0	0.0	0.0	0.0	0.0	0.0	0.0	0.0	0.0	0.0	0.0	0.0
k__Bacteria|p__Bacteroidetes|c__Bacteroidia|o__Bacteroidales	0.0	0.0	0.0	0.0	0.0	0.0	0.0	0.0	0.10113	0.0	0.0	0.00706	0.0	0.08275	0.00453	0.0	0.0	0.0	0.0	0.0	0.0	0.0	0.0	0.0	0.0	0.0	0.0	0.0	0.0	0.0	0.0	0.0	0.0	0.0	0.0	0.0	0.0	0.0	0.0	0.0	0.0	0.0	0.0	0.0	0.0	0.0	0.0	0.0	0.0	0.0	0.0	0.0	0.0
k__Bacteria|p__Bacteroidetes|c__Bacteroidia|o__Bacteroidales|f__Bacteroidaceae	0.0	0.0	0.0	0.0	0.0	0.0	0.0	0.0	0.10113	0.0	0.0	0.00706	0.0	0.08275	0.0	0.0	0.0	0.0	0.0	0.0	0.0	0.0	0.0	0.0	0.0	0.0	0.0	0.0	0.0	0.0	0.0	0.0	0.0	0.0	0.0	0.0	0.0	0.0	0.0	0.0	0.0	0.0	0.0	0.0	0.0	0.0	0.0	0.0	0.0	0.0	0.0	0.0	0.0
k__Bacteria|p__Bacteroidetes|c__Bacteroidia|o__Bacteroidales|f__Bacteroidaceae|g__Bacteroides	0.0	0.0	0.0	0.0	0.0	0.0	0.0	0.0	0.10113	0.0	0.0	0.0	0.0	0.0	0.0	0.0	0.0	0.0	0.0	0.0	0.0	0.0	0.0	0.0	0.0	0.0	0.0	0.0	0.0	0.0	0.0	0.0	0.0	0.0	0.0	0.0	0.0	0.0	0.0	0.0	0.0	0.0	0.0	0.0	0.0	0.0	0.0	0.0	0.0	0.0	0.0	0.0	0.0
k__Bacteria|p__Bacteroidetes|c__Bacteroidia|o__Bacteroidales|f__Bacteroidaceae|g__Bacteroides|s__Bacteroides_thetaiotaomicron	0.0	0.0	0.0	0.0	0.0	0.0	0.0	0.0	0.10113	0.0	0.0	0.0	0.0	0.0	0.0	0.0	0.0	0.0	0.0	0.0	0.0	0.0	0.0	0.0	0.0	0.0	0.0	0.0	0.0	0.0	0.0	0.0	0.0	0.0	0.0	0.0	0.0	0.0	0.0	0.0	0.0	0.0	0.0	0.0	0.0	0.0	0.0	0.0	0.0	0.0	0.0	0.0	0.0
k__Bacteria|p__Bacteroidetes|c__Bacteroidia|o__Bacteroidales|f__Bacteroidaceae|g__Bacteroides|s__Bacteroides_thetaiotaomicron|t__SGB1861	0.0	0.0	0.0	0.0	0.0	0.0	0.0	0.0	0.10113	0.0	0.0	0.0	0.0	0.0	0.0	0.0	0.0	0.0	0.0	0.0	0.0	0.0	0.0	0.0	0.0	0.0	0.0	0.0	0.0	0.0	0.0	0.0	0.0	0.0	0.0	0.0	0.0	0.0	0.0	0.0	0.0	0.0	0.0	0.0	0.0	0.0	0.0	0.0	0.0	0.0	0.0	0.0	0.0
k__Bacteria|p__Firmicutes|c__Clostridia	0.0	0.0	0.0	0.0	0.0	0.0	0.0	0.0	0.0	0.06775	0.0	0.0	0.0	0.0	0.0	0.28463	0.0	0.0	0.0	0.0	0.0	0.0	0.0	0.0	0.0	0.0	0.0	0.0	0.0	0.0	0.0	0.12934	0.0	0.08631	0.0	0.0	0.0	0.0	0.0	0.0	0.0	0.0	0.0	0.0	0.0	0.0	0.0	0.0	0.0	0.0	0.0	0.0	0.0
k__Bacteria|p__Firmicutes|c__CFGB76074	0.0	0.0	0.0	0.0	0.0	0.0	0.0	0.0	0.0	0.01181	0.0	0.0	0.0	0.0	0.0	0.0	0.0	0.0	0.0	0.0	0.0	0.0	0.0	0.0	0.0	0.0	0.0	0.0	0.0	0.0	0.0	0.0	0.0	0.0	0.0	0.0	0.0	0.0	0.0	0.0	0.0	0.0	0.0	0.0	0.0	0.0	0.0	0.0	0.0	0.0	0.0	0.0	0.0
k__Bacteria|p__Firmicutes|c__Clostridia|o__Eubacteriales	0.0	0.0	0.0	0.0	0.0	0.0	0.0	0.0	0.0	0.06775	0.0	0.0	0.0	0.0	0.0	0.28463	0.0	0.0	0.0	0.0	0.0	0.0	0.0	0.0	0.0	0.0	0.0	0.0	0.0	0.0	0.0	0.12934	0.0	0.08631	0.0	0.0	0.0	0.0	0.0	0.0	0.0	0.0	0.0	0.0	0.0	0.0	0.0	0.0	0.0	0.0	0.0	0.0	0.0
k__Bacteria|p__Firmicutes|c__CFGB76074|o__OFGB76074	0.0	0.0	0.0	0.0	0.0	0.0	0.0	0.0	0.0	0.01181	0.0	0.0	0.0	0.0	0.0	0.0	0.0	0.0	0.0	0.0	0.0	0.0	0.0	0.0	0.0	0.0	0.0	0.0	0.0	0.0	0.0	0.0	0.0	0.0	0.0	0.0	0.0	0.0	0.0	0.0	0.0	0.0	0.0	0.0	0.0	0.0	0.0	0.0	0.0	0.0	0.0	0.0	0.0
k__Bacteria|p__Firmicutes|c__Clostridia|o__Eubacteriales|f__Lachnospiraceae	0.0	0.0	0.0	0.0	0.0	0.0	0.0	0.0	0.0	0.06775	0.0	0.0	0.0	0.0	0.0	0.28463	0.0	0.0	0.0	0.0	0.0	0.0	0.0	0.0	0.0	0.0	0.0	0.0	0.0	0.0	0.0	0.12934	0.0	0.08631	0.0	0.0	0.0	0.0	0.0	0.0	0.0	0.0	0.0	0.0	0.0	0.0	0.0	0.0	0.0	0.0	0.0	0.0	0.0
k__Bacteria|p__Firmicutes|c__Erysipelotrichia|o__Erysipelotrichales|f__Turicibacteraceae	0.0	0.0	0.0	0.0	0.0	0.0	0.0	0.0	0.0	0.04084	0.0	0.0	0.0	0.0	0.0	0.0	0.0	0.0	0.0	0.0	0.0	0.0	0.0	0.0	0.0	0.0	0.0	0.0	0.0	0.0	0.0	0.0	0.0	0.0	0.0	0.0	0.0	0.0	0.0	0.0	0.0	0.0	0.0	0.0	0.0	0.0	0.0	0.0	0.0	0.0	0.0	0.0	0.0
k__Bacteria|p__Firmicutes|c__CFGB76074|o__OFGB76074|f__FGB76074	0.0	0.0	0.0	0.0	0.0	0.0	0.0	0.0	0.0	0.01181	0.0	0.0	0.0	0.0	0.0	0.0	0.0	0.0	0.0	0.0	0.0	0.0	0.0	0.0	0.0	0.0	0.0	0.0	0.0	0.0	0.0	0.0	0.0	0.0	0.0	0.0	0.0	0.0	0.0	0.0	0.0	0.0	0.0	0.0	0.0	0.0	0.0	0.0	0.0	0.0	0.0	0.0	0.0
k__Bacteria|p__Firmicutes|c__Clostridia|o__Eubacteriales|f__Lachnospiraceae|g__Lachnospiraceae_unclassified	0.0	0.0	0.0	0.0	0.0	0.0	0.0	0.0	0.0	0.06775	0.0	0.0	0.0	0.0	0.0	0.28463	0.0	0.0	0.0	0.0	0.0	0.0	0.0	0.0	0.0	0.0	0.0	0.0	0.0	0.0	0.0	0.12934	0.0	0.08631	0.0	0.0	0.0	0.0	0.0	0.0	0.0	0.0	0.0	0.0	0.0	0.0	0.0	0.0	0.0	0.0	0.0	0.0	0.0
k__Bacteria|p__Firmicutes|c__Erysipelotrichia|o__Erysipelotrichales|f__Turicibacteraceae|g__Turicibacter	0.0	0.0	0.0	0.0	0.0	0.0	0.0	0.0	0.0	0.04084	0.0	0.0	0.0	0.0	0.0	0.0	0.0	0.0	0.0	0.0	0.0	0.0	0.0	0.0	0.0	0.0	0.0	0.0	0.0	0.0	0.0	0.0	0.0	0.0	0.0	0.0	0.0	0.0	0.0	0.0	0.0	0.0	0.0	0.0	0.0	0.0	0.0	0.0	0.0	0.0	0.0	0.0	0.0
k__Bacteria|p__Firmicutes|c__CFGB76074|o__OFGB76074|f__FGB76074|g__GGB28949	0.0	0.0	0.0	0.0	0.0	0.0	0.0	0.0	0.0	0.01181	0.0	0.0	0.0	0.0	0.0	0.0	0.0	0.0	0.0	0.0	0.0	0.0	0.0	0.0	0.0	0.0	0.0	0.0	0.0	0.0	0.0	0.0	0.0	0.0	0.0	0.0	0.0	0.0	0.0	0.0	0.0	0.0	0.0	0.0	0.0	0.0	0.0	0.0	0.0	0.0	0.0	0.0	0.0
k__Bacteria|p__Firmicutes|c__Clostridia|o__Eubacteriales|f__Lachnospiraceae|g__Lachnospiraceae_unclassified|s__Lachnospiraceae_bacterium_MD308	0.0	0.0	0.0	0.0	0.0	0.0	0.0	0.0	0.0	0.06775	0.0	0.0	0.0	0.0	0.0	0.24037	0.0	0.0	0.0	0.0	0.0	0.0	0.0	0.0	0.0	0.0	0.0	0.0	0.0	0.0	0.0	0.12934	0.0	0.0	0.0	0.0	0.0	0.0	0.0	0.0	0.0	0.0	0.0	0.0	0.0	0.0	0.0	0.0	0.0	0.0	0.0	0.0	0.0
k__Bacteria|p__Firmicutes|c__Erysipelotrichia|o__Erysipelotrichales|f__Turicibacteraceae|g__Turicibacter|s__Turicibacter_sp_TS3	0.0	0.0	0.0	0.0	0.0	0.0	0.0	0.0	0.0	0.04084	0.0	0.0	0.0	0.0	0.0	0.0	0.0	0.0	0.0	0.0	0.0	0.0	0.0	0.0	0.0	0.0	0.0	0.0	0.0	0.0	0.0	0.0	0.0	0.0	0.0	0.0	0.0	0.0	0.0	0.0	0.0	0.0	0.0	0.0	0.0	0.0	0.0	0.0	0.0	0.0	0.0	0.0	0.0
k__Bacteria|p__Firmicutes|c__CFGB76074|o__OFGB76074|f__FGB76074|g__GGB28949|s__GGB28949_SGB41655	0.0	0.0	0.0	0.0	0.0	0.0	0.0	0.0	0.0	0.01181	0.0	0.0	0.0	0.0	0.0	0.0	0.0	0.0	0.0	0.0	0.0	0.0	0.0	0.0	0.0	0.0	0.0	0.0	0.0	0.0	0.0	0.0	0.0	0.0	0.0	0.0	0.0	0.0	0.0	0.0	0.0	0.0	0.0	0.0	0.0	0.0	0.0	0.0	0.0	0.0	0.0	0.0	0.0
k__Bacteria|p__Firmicutes|c__Clostridia|o__Eubacteriales|f__Lachnospiraceae|g__Lachnospiraceae_unclassified|s__Lachnospiraceae_bacterium_MD308|t__SGB41427	0.0	0.0	0.0	0.0	0.0	0.0	0.0	0.0	0.0	0.06775	0.0	0.0	0.0	0.0	0.0	0.24037	0.0	0.0	0.0	0.0	0.0	0.0	0.0	0.0	0.0	0.0	0.0	0.0	0.0	0.0	0.0	0.12934	0.0	0.0	0.0	0.0	0.0	0.0	0.0	0.0	0.0	0.0	0.0	0.0	0.0	0.0	0.0	0.0	0.0	0.0	0.0	0.0	0.0
k__Bacteria|p__Firmicutes|c__Erysipelotrichia|o__Erysipelotrichales|f__Turicibacteraceae|g__Turicibacter|s__Turicibacter_sp_TS3|t__SGB39153	0.0	0.0	0.0	0.0	0.0	0.0	0.0	0.0	0.0	0.04084	0.0	0.0	0.0	0.0	0.0	0.0	0.0	0.0	0.0	0.0	0.0	0.0	0.0	0.0	0.0	0.0	0.0	0.0	0.0	0.0	0.0	0.0	0.0	0.0	0.0	0.0	0.0	0.0	0.0	0.0	0.0	0.0	0.0	0.0	0.0	0.0	0.0	0.0	0.0	0.0	0.0	0.0	0.0
k__Bacteria|p__Firmicutes|c__CFGB76074|o__OFGB76074|f__FGB76074|g__GGB28949|s__GGB28949_SGB41655|t__SGB41655	0.0	0.0	0.0	0.0	0.0	0.0	0.0	0.0	0.0	0.01181	0.0	0.0	0.0	0.0	0.0	0.0	0.0	0.0	0.0	0.0	0.0	0.0	0.0	0.0	0.0	0.0	0.0	0.0	0.0	0.0	0.0	0.0	0.0	0.0	0.0	0.0	0.0	0.0	0.0	0.0	0.0	0.0	0.0	0.0	0.0	0.0	0.0	0.0	0.0	0.0	0.0	0.0	0.0
k__Bacteria|p__Bacteroidetes|c__Bacteroidia|o__Bacteroidales|f__Bacteroidaceae|g__Phocaeicola	0.0	0.0	0.0	0.0	0.0	0.0	0.0	0.0	0.0	0.0	0.0	0.00706	0.0	0.08275	0.0	0.0	0.0	0.0	0.0	0.0	0.0	0.0	0.0	0.0	0.0	0.0	0.0	0.0	0.0	0.0	0.0	0.0	0.0	0.0	0.0	0.0	0.0	0.0	0.0	0.0	0.0	0.0	0.0	0.0	0.0	0.0	0.0	0.0	0.0	0.0	0.0	0.0	0.0
k__Bacteria|p__Bacteroidetes|c__Bacteroidia|o__Bacteroidales|f__Bacteroidaceae|g__Phocaeicola|s__Phocaeicola_vulgatus	0.0	0.0	0.0	0.0	0.0	0.0	0.0	0.0	0.0	0.0	0.0	0.00706	0.0	0.08275	0.0	0.0	0.0	0.0	0.0	0.0	0.0	0.0	0.0	0.0	0.0	0.0	0.0	0.0	0.0	0.0	0.0	0.0	0.0	0.0	0.0	0.0	0.0	0.0	0.0	0.0	0.0	0.0	0.0	0.0	0.0	0.0	0.0	0.0	0.0	0.0	0.0	0.0	0.0
k__Bacteria|p__Bacteroidetes|c__Bacteroidia|o__Bacteroidales|f__Bacteroidaceae|g__Phocaeicola|s__Phocaeicola_vulgatus|t__SGB1814	0.0	0.0	0.0	0.0	0.0	0.0	0.0	0.0	0.0	0.0	0.0	0.00706	0.0	0.08275	0.0	0.0	0.0	0.0	0.0	0.0	0.0	0.0	0.0	0.0	0.0	0.0	0.0	0.0	0.0	0.0	0.0	0.0	0.0	0.0	0.0	0.0	0.0	0.0	0.0	0.0	0.0	0.0	0.0	0.0	0.0	0.0	0.0	0.0	0.0	0.0	0.0	0.0	0.0
k__Bacteria|p__Firmicutes|c__Bacilli|o__Bacillales|f__Staphylococcaceae|g__Mammaliicoccus	0.0	0.0	0.0	0.0	0.0	0.0	0.0	0.0	0.0	0.0	0.0	0.0	0.0	0.09116	0.0	0.0	0.0	0.0	0.0	0.0	0.0	0.0	0.0	0.0	0.0	0.0	0.0	0.0	0.0	0.0	0.0	0.0	0.0	0.0	0.0	0.0	0.0	0.0	0.0	0.0	0.0	0.0	0.0	0.0	0.0	0.0	0.0	0.0	0.0	0.0	0.0	0.0	0.0
k__Bacteria|p__Firmicutes|c__Bacilli|o__Bacillales|f__Staphylococcaceae|g__Staphylococcus|s__Staphylococcus_aureus	0.0	0.0	0.0	0.0	0.0	0.0	0.0	0.0	0.0	0.0	0.0	0.0	0.0	18.3535	0.0	0.0	0.0	0.0	0.0	0.0	0.0	0.0	1.62285	1.01593	6.7561	1.05309	3.02273	10.57241	27.52208	0.39363	28.73929	1.31259	4.00508	0.0	0.27642	0.0	1.95775	0.0	0.0	0.0	0.0	0.0	0.0	0.0	0.0	0.0	0.0	0.0	0.0	0.0	0.0	0.0	0.0
k__Bacteria|p__Firmicutes|c__Bacilli|o__Bacillales|f__Staphylococcaceae|g__Mammaliicoccus|s__Mammaliicoccus_lentus	0.0	0.0	0.0	0.0	0.0	0.0	0.0	0.0	0.0	0.0	0.0	0.0	0.0	0.09116	0.0	0.0	0.0	0.0	0.0	0.0	0.0	0.0	0.0	0.0	0.0	0.0	0.0	0.0	0.0	0.0	0.0	0.0	0.0	0.0	0.0	0.0	0.0	0.0	0.0	0.0	0.0	0.0	0.0	0.0	0.0	0.0	0.0	0.0	0.0	0.0	0.0	0.0	0.0
k__Bacteria|p__Firmicutes|c__Bacilli|o__Bacillales|f__Staphylococcaceae|g__Staphylococcus|s__Staphylococcus_aureus|t__SGB7852	0.0	0.0	0.0	0.0	0.0	0.0	0.0	0.0	0.0	0.0	0.0	0.0	0.0	18.3535	0.0	0.0	0.0	0.0	0.0	0.0	0.0	0.0	1.62285	1.01593	6.7561	1.05309	3.02273	10.57241	27.52208	0.39363	28.73929	1.31259	4.00508	0.0	0.27642	0.0	1.95775	0.0	0.0	0.0	0.0	0.0	0.0	0.0	0.0	0.0	0.0	0.0	0.0	0.0	0.0	0.0	0.0
k__Bacteria|p__Firmicutes|c__Bacilli|o__Bacillales|f__Staphylococcaceae|g__Mammaliicoccus|s__Mammaliicoccus_lentus|t__SGB7817	0.0	0.0	0.0	0.0	0.0	0.0	0.0	0.0	0.0	0.0	0.0	0.0	0.0	0.09116	0.0	0.0	0.0	0.0	0.0	0.0	0.0	0.0	0.0	0.0	0.0	0.0	0.0	0.0	0.0	0.0	0.0	0.0	0.0	0.0	0.0	0.0	0.0	0.0	0.0	0.0	0.0	0.0	0.0	0.0	0.0	0.0	0.0	0.0	0.0	0.0	0.0	0.0	0.0
k__Bacteria|p__Bacteroidetes|c__Bacteroidia|o__Bacteroidales|f__Bacteroidales_unclassified	0.0	0.0	0.0	0.0	0.0	0.0	0.0	0.0	0.0	0.0	0.0	0.0	0.0	0.0	0.00453	0.0	0.0	0.0	0.0	0.0	0.0	0.0	0.0	0.0	0.0	0.0	0.0	0.0	0.0	0.0	0.0	0.0	0.0	0.0	0.0	0.0	0.0	0.0	0.0	0.0	0.0	0.0	0.0	0.0	0.0	0.0	0.0	0.0	0.0	0.0	0.0	0.0	0.0
k__Bacteria|p__Firmicutes|c__Erysipelotrichia|o__Erysipelotrichales|f__Erysipelotrichaceae|g__Faecalibaculum	0.0	0.0	0.0	0.0	0.0	0.0	0.0	0.0	0.0	0.0	0.0	0.0	0.0	0.0	0.01423	0.0	0.0	0.0	0.0	0.0	0.0	0.0	0.0	0.0	0.0	0.0	0.0	0.0	0.0	0.0	0.0	0.07046	0.0	0.0	0.0	0.0	0.0	0.0	0.0	0.0	0.0	0.0	0.0	0.0	0.0	0.0	0.0	0.0	0.0	0.0	0.0	0.0	0.0
k__Bacteria|p__Bacteroidetes|c__Bacteroidia|o__Bacteroidales|f__Bacteroidales_unclassified|g__Bacteroidales_unclassified	0.0	0.0	0.0	0.0	0.0	0.0	0.0	0.0	0.0	0.0	0.0	0.0	0.0	0.0	0.00453	0.0	0.0	0.0	0.0	0.0	0.0	0.0	0.0	0.0	0.0	0.0	0.0	0.0	0.0	0.0	0.0	0.0	0.0	0.0	0.0	0.0	0.0	0.0	0.0	0.0	0.0	0.0	0.0	0.0	0.0	0.0	0.0	0.0	0.0	0.0	0.0	0.0	0.0
k__Bacteria|p__Firmicutes|c__Erysipelotrichia|o__Erysipelotrichales|f__Erysipelotrichaceae|g__Faecalibaculum|s__Faecalibaculum_rodentium	0.0	0.0	0.0	0.0	0.0	0.0	0.0	0.0	0.0	0.0	0.0	0.0	0.0	0.0	0.01423	0.0	0.0	0.0	0.0	0.0	0.0	0.0	0.0	0.0	0.0	0.0	0.0	0.0	0.0	0.0	0.0	0.07046	0.0	0.0	0.0	0.0	0.0	0.0	0.0	0.0	0.0	0.0	0.0	0.0	0.0	0.0	0.0	0.0	0.0	0.0	0.0	0.0	0.0
k__Bacteria|p__Bacteroidetes|c__Bacteroidia|o__Bacteroidales|f__Bacteroidales_unclassified|g__Bacteroidales_unclassified|s__Bacteroidales_bacterium	0.0	0.0	0.0	0.0	0.0	0.0	0.0	0.0	0.0	0.0	0.0	0.0	0.0	0.0	0.00453	0.0	0.0	0.0	0.0	0.0	0.0	0.0	0.0	0.0	0.0	0.0	0.0	0.0	0.0	0.0	0.0	0.0	0.0	0.0	0.0	0.0	0.0	0.0	0.0	0.0	0.0	0.0	0.0	0.0	0.0	0.0	0.0	0.0	0.0	0.0	0.0	0.0	0.0
k__Bacteria|p__Firmicutes|c__Erysipelotrichia|o__Erysipelotrichales|f__Erysipelotrichaceae|g__Faecalibaculum|s__Faecalibaculum_rodentium|t__SGB4047	0.0	0.0	0.0	0.0	0.0	0.0	0.0	0.0	0.0	0.0	0.0	0.0	0.0	0.0	0.01423	0.0	0.0	0.0	0.0	0.0	0.0	0.0	0.0	0.0	0.0	0.0	0.0	0.0	0.0	0.0	0.0	0.07046	0.0	0.0	0.0	0.0	0.0	0.0	0.0	0.0	0.0	0.0	0.0	0.0	0.0	0.0	0.0	0.0	0.0	0.0	0.0	0.0	0.0
k__Bacteria|p__Bacteroidetes|c__Bacteroidia|o__Bacteroidales|f__Bacteroidales_unclassified|g__Bacteroidales_unclassified|s__Bacteroidales_bacterium|t__SGB27761	0.0	0.0	0.0	0.0	0.0	0.0	0.0	0.0	0.0	0.0	0.0	0.0	0.0	0.0	0.00453	0.0	0.0	0.0	0.0	0.0	0.0	0.0	0.0	0.0	0.0	0.0	0.0	0.0	0.0	0.0	0.0	0.0	0.0	0.0	0.0	0.0	0.0	0.0	0.0	0.0	0.0	0.0	0.0	0.0	0.0	0.0	0.0	0.0	0.0	0.0	0.0	0.0	0.0
k__Bacteria|p__Candidatus_Saccharibacteria	0.0	0.0	0.0	0.0	0.0	0.0	0.0	0.0	0.0	0.0	0.0	0.0	0.0	0.0	0.0	0.02304	0.0	0.0	0.0	0.0	0.0	0.0	0.0	0.0	0.0	0.0	0.0	0.0	0.0	0.0	0.0	0.0	0.0	0.0	0.0	0.0	0.0	0.0	0.0	0.0	0.0	0.0	0.0	0.0	0.0	0.0	0.0	0.0	0.0	0.0	0.0	0.0	0.0
k__Bacteria|p__Actinobacteria|c__Coriobacteriia	0.0	0.0	0.0	0.0	0.0	0.0	0.0	0.0	0.0	0.0	0.0	0.0	0.0	0.0	0.0	0.06324	0.0	0.0	0.0	0.0	0.0	0.0	0.0	0.0	0.0	0.0	0.0	0.0	0.0	0.0	0.0	0.45864	0.0	0.0	0.0	0.0	0.0	0.0	0.0	0.0	0.0	0.0	0.0	0.0	0.0	0.0	0.0	0.0	0.0	0.0	0.0	0.0	0.0
k__Bacteria|p__Candidatus_Saccharibacteria|c__CFGB9318	0.0	0.0	0.0	0.0	0.0	0.0	0.0	0.0	0.0	0.0	0.0	0.0	0.0	0.0	0.0	0.02304	0.0	0.0	0.0	0.0	0.0	0.0	0.0	0.0	0.0	0.0	0.0	0.0	0.0	0.0	0.0	0.0	0.0	0.0	0.0	0.0	0.0	0.0	0.0	0.0	0.0	0.0	0.0	0.0	0.0	0.0	0.0	0.0	0.0	0.0	0.0	0.0	0.0
k__Bacteria|p__Actinobacteria|c__Coriobacteriia|o__Eggerthellales	0.0	0.0	0.0	0.0	0.0	0.0	0.0	0.0	0.0	0.0	0.0	0.0	0.0	0.0	0.0	0.06324	0.0	0.0	0.0	0.0	0.0	0.0	0.0	0.0	0.0	0.0	0.0	0.0	0.0	0.0	0.0	0.03809	0.0	0.0	0.0	0.0	0.0	0.0	0.0	0.0	0.0	0.0	0.0	0.0	0.0	0.0	0.0	0.0	0.0	0.0	0.0	0.0	0.0
k__Bacteria|p__Candidatus_Saccharibacteria|c__CFGB9318|o__OFGB9318	0.0	0.0	0.0	0.0	0.0	0.0	0.0	0.0	0.0	0.0	0.0	0.0	0.0	0.0	0.0	0.02304	0.0	0.0	0.0	0.0	0.0	0.0	0.0	0.0	0.0	0.0	0.0	0.0	0.0	0.0	0.0	0.0	0.0	0.0	0.0	0.0	0.0	0.0	0.0	0.0	0.0	0.0	0.0	0.0	0.0	0.0	0.0	0.0	0.0	0.0	0.0	0.0	0.0
k__Bacteria|p__Actinobacteria|c__Coriobacteriia|o__Eggerthellales|f__Eggerthellaceae	0.0	0.0	0.0	0.0	0.0	0.0	0.0	0.0	0.0	0.0	0.0	0.0	0.0	0.0	0.0	0.06324	0.0	0.0	0.0	0.0	0.0	0.0	0.0	0.0	0.0	0.0	0.0	0.0	0.0	0.0	0.0	0.03809	0.0	0.0	0.0	0.0	0.0	0.0	0.0	0.0	0.0	0.0	0.0	0.0	0.0	0.0	0.0	0.0	0.0	0.0	0.0	0.0	0.0
k__Bacteria|p__Candidatus_Saccharibacteria|c__CFGB9318|o__OFGB9318|f__FGB9318	0.0	0.0	0.0	0.0	0.0	0.0	0.0	0.0	0.0	0.0	0.0	0.0	0.0	0.0	0.0	0.02304	0.0	0.0	0.0	0.0	0.0	0.0	0.0	0.0	0.0	0.0	0.0	0.0	0.0	0.0	0.0	0.0	0.0	0.0	0.0	0.0	0.0	0.0	0.0	0.0	0.0	0.0	0.0	0.0	0.0	0.0	0.0	0.0	0.0	0.0	0.0	0.0	0.0
k__Bacteria|p__Firmicutes|c__Bacilli|o__Lactobacillales|f__Lactobacillaceae|g__Limosilactobacillus	0.0	0.0	0.0	0.0	0.0	0.0	0.0	0.0	0.0	0.0	0.0	0.0	0.0	0.0	0.0	0.08857	0.0	0.0	0.0	0.0	0.0	0.0	0.0	0.0	0.0	0.0	0.0	0.0	0.0	0.0	0.0	0.14913	0.0	0.0	0.0	0.0	0.0	0.0	0.0	0.0	0.0	0.0	0.0	0.0	0.0	0.0	0.0	0.0	0.0	0.0	0.0	0.0	0.0
k__Bacteria|p__Actinobacteria|c__Coriobacteriia|o__Eggerthellales|f__Eggerthellaceae|g__Adlercreutzia	0.0	0.0	0.0	0.0	0.0	0.0	0.0	0.0	0.0	0.0	0.0	0.0	0.0	0.0	0.0	0.06324	0.0	0.0	0.0	0.0	0.0	0.0	0.0	0.0	0.0	0.0	0.0	0.0	0.0	0.0	0.0	0.03809	0.0	0.0	0.0	0.0	0.0	0.0	0.0	0.0	0.0	0.0	0.0	0.0	0.0	0.0	0.0	0.0	0.0	0.0	0.0	0.0	0.0
k__Bacteria|p__Candidatus_Saccharibacteria|c__CFGB9318|o__OFGB9318|f__FGB9318|g__GGB73364	0.0	0.0	0.0	0.0	0.0	0.0	0.0	0.0	0.0	0.0	0.0	0.0	0.0	0.0	0.0	0.02304	0.0	0.0	0.0	0.0	0.0	0.0	0.0	0.0	0.0	0.0	0.0	0.0	0.0	0.0	0.0	0.0	0.0	0.0	0.0	0.0	0.0	0.0	0.0	0.0	0.0	0.0	0.0	0.0	0.0	0.0	0.0	0.0	0.0	0.0	0.0	0.0	0.0
k__Bacteria|p__Firmicutes|c__Bacilli|o__Lactobacillales|f__Lactobacillaceae|g__Limosilactobacillus|s__Limosilactobacillus_reuteri	0.0	0.0	0.0	0.0	0.0	0.0	0.0	0.0	0.0	0.0	0.0	0.0	0.0	0.0	0.0	0.08857	0.0	0.0	0.0	0.0	0.0	0.0	0.0	0.0	0.0	0.0	0.0	0.0	0.0	0.0	0.0	0.14913	0.0	0.0	0.0	0.0	0.0	0.0	0.0	0.0	0.0	0.0	0.0	0.0	0.0	0.0	0.0	0.0	0.0	0.0	0.0	0.0	0.0
k__Bacteria|p__Actinobacteria|c__Coriobacteriia|o__Eggerthellales|f__Eggerthellaceae|g__Adlercreutzia|s__Adlercreutzia_muris	0.0	0.0	0.0	0.0	0.0	0.0	0.0	0.0	0.0	0.0	0.0	0.0	0.0	0.0	0.0	0.06324	0.0	0.0	0.0	0.0	0.0	0.0	0.0	0.0	0.0	0.0	0.0	0.0	0.0	0.0	0.0	0.0	0.0	0.0	0.0	0.0	0.0	0.0	0.0	0.0	0.0	0.0	0.0	0.0	0.0	0.0	0.0	0.0	0.0	0.0	0.0	0.0	0.0
k__Bacteria|p__Firmicutes|c__Clostridia|o__Eubacteriales|f__Lachnospiraceae|g__Lachnospiraceae_unclassified|s__Lachnospiraceae_bacterium	0.0	0.0	0.0	0.0	0.0	0.0	0.0	0.0	0.0	0.0	0.0	0.0	0.0	0.0	0.0	0.04427	0.0	0.0	0.0	0.0	0.0	0.0	0.0	0.0	0.0	0.0	0.0	0.0	0.0	0.0	0.0	0.0	0.0	0.0	0.0	0.0	0.0	0.0	0.0	0.0	0.0	0.0	0.0	0.0	0.0	0.0	0.0	0.0	0.0	0.0	0.0	0.0	0.0
k__Bacteria|p__Candidatus_Saccharibacteria|c__CFGB9318|o__OFGB9318|f__FGB9318|g__GGB73364|s__GGB73364_SGB102608	0.0	0.0	0.0	0.0	0.0	0.0	0.0	0.0	0.0	0.0	0.0	0.0	0.0	0.0	0.0	0.02304	0.0	0.0	0.0	0.0	0.0	0.0	0.0	0.0	0.0	0.0	0.0	0.0	0.0	0.0	0.0	0.0	0.0	0.0	0.0	0.0	0.0	0.0	0.0	0.0	0.0	0.0	0.0	0.0	0.0	0.0	0.0	0.0	0.0	0.0	0.0	0.0	0.0
k__Bacteria|p__Firmicutes|c__Bacilli|o__Lactobacillales|f__Lactobacillaceae|g__Limosilactobacillus|s__Limosilactobacillus_reuteri|t__SGB7095	0.0	0.0	0.0	0.0	0.0	0.0	0.0	0.0	0.0	0.0	0.0	0.0	0.0	0.0	0.0	0.08857	0.0	0.0	0.0	0.0	0.0	0.0	0.0	0.0	0.0	0.0	0.0	0.0	0.0	0.0	0.0	0.14913	0.0	0.0	0.0	0.0	0.0	0.0	0.0	0.0	0.0	0.0	0.0	0.0	0.0	0.0	0.0	0.0	0.0	0.0	0.0	0.0	0.0
k__Bacteria|p__Actinobacteria|c__Coriobacteriia|o__Eggerthellales|f__Eggerthellaceae|g__Adlercreutzia|s__Adlercreutzia_muris|t__SGB33553	0.0	0.0	0.0	0.0	0.0	0.0	0.0	0.0	0.0	0.0	0.0	0.0	0.0	0.0	0.0	0.06324	0.0	0.0	0.0	0.0	0.0	0.0	0.0	0.0	0.0	0.0	0.0	0.0	0.0	0.0	0.0	0.0	0.0	0.0	0.0	0.0	0.0	0.0	0.0	0.0	0.0	0.0	0.0	0.0	0.0	0.0	0.0	0.0	0.0	0.0	0.0	0.0	0.0
k__Bacteria|p__Firmicutes|c__Clostridia|o__Eubacteriales|f__Lachnospiraceae|g__Lachnospiraceae_unclassified|s__Lachnospiraceae_bacterium|t__SGB7268	0.0	0.0	0.0	0.0	0.0	0.0	0.0	0.0	0.0	0.0	0.0	0.0	0.0	0.0	0.0	0.04427	0.0	0.0	0.0	0.0	0.0	0.0	0.0	0.0	0.0	0.0	0.0	0.0	0.0	0.0	0.0	0.0	0.0	0.0	0.0	0.0	0.0	0.0	0.0	0.0	0.0	0.0	0.0	0.0	0.0	0.0	0.0	0.0	0.0	0.0	0.0	0.0	0.0
k__Bacteria|p__Candidatus_Saccharibacteria|c__CFGB9318|o__OFGB9318|f__FGB9318|g__GGB73364|s__GGB73364_SGB102608|t__SGB102608	0.0	0.0	0.0	0.0	0.0	0.0	0.0	0.0	0.0	0.0	0.0	0.0	0.0	0.0	0.0	0.02304	0.0	0.0	0.0	0.0	0.0	0.0	0.0	0.0	0.0	0.0	0.0	0.0	0.0	0.0	0.0	0.0	0.0	0.0	0.0	0.0	0.0	0.0	0.0	0.0	0.0	0.0	0.0	0.0	0.0	0.0	0.0	0.0	0.0	0.0	0.0	0.0	0.0
k__Bacteria|p__Proteobacteria|c__Gammaproteobacteria|o__Enterobacterales|f__Morganellaceae	0.0	0.0	0.0	0.0	0.0	0.0	0.0	0.0	0.0	0.0	0.0	0.0	0.0	0.0	0.0	0.0	0.87771	0.90992	0.0	0.0	0.0	2.18154	0.0	0.0	0.0	0.0	0.0	0.0	0.0	0.0	0.0	0.0	0.0	0.0	0.0	0.0	0.0	0.0	0.0	0.0	0.24543	0.0	0.0	0.0	0.0	0.0	0.54556	0.0	0.0	0.0	0.0	0.0	0.0
k__Bacteria|p__Proteobacteria|c__Gammaproteobacteria|o__Enterobacterales|f__Morganellaceae|g__Proteus	0.0	0.0	0.0	0.0	0.0	0.0	0.0	0.0	0.0	0.0	0.0	0.0	0.0	0.0	0.0	0.0	0.87771	0.90992	0.0	0.0	0.0	2.18154	0.0	0.0	0.0	0.0	0.0	0.0	0.0	0.0	0.0	0.0	0.0	0.0	0.0	0.0	0.0	0.0	0.0	0.0	0.24543	0.0	0.0	0.0	0.0	0.0	0.54556	0.0	0.0	0.0	0.0	0.0	0.0
k__Bacteria|p__Proteobacteria|c__Gammaproteobacteria|o__Enterobacterales|f__Morganellaceae|g__Proteus|s__Proteus_mirabilis	0.0	0.0	0.0	0.0	0.0	0.0	0.0	0.0	0.0	0.0	0.0	0.0	0.0	0.0	0.0	0.0	0.87771	0.90992	0.0	0.0	0.0	2.18154	0.0	0.0	0.0	0.0	0.0	0.0	0.0	0.0	0.0	0.0	0.0	0.0	0.0	0.0	0.0	0.0	0.0	0.0	0.24543	0.0	0.0	0.0	0.0	0.0	0.54556	0.0	0.0	0.0	0.0	0.0	0.0
k__Bacteria|p__Proteobacteria|c__Gammaproteobacteria|o__Enterobacterales|f__Morganellaceae|g__Proteus|s__Proteus_mirabilis|t__SGB9992	0.0	0.0	0.0	0.0	0.0	0.0	0.0	0.0	0.0	0.0	0.0	0.0	0.0	0.0	0.0	0.0	0.87771	0.90992	0.0	0.0	0.0	2.18154	0.0	0.0	0.0	0.0	0.0	0.0	0.0	0.0	0.0	0.0	0.0	0.0	0.0	0.0	0.0	0.0	0.0	0.0	0.24543	0.0	0.0	0.0	0.0	0.0	0.54556	0.0	0.0	0.0	0.0	0.0	0.0
k__Bacteria|p__Firmicutes|c__Erysipelotrichia|o__Erysipelotrichales|f__Erysipelotrichaceae|g__Erysipelotrichaceae_unclassified|s__Erysipelotrichaceae_bacterium_NYU_BL_F16	0.0	0.0	0.0	0.0	0.0	0.0	0.0	0.0	0.0	0.0	0.0	0.0	0.0	0.0	0.0	0.0	0.0	0.0	0.09843	0.87738	0.0	0.0	0.0	0.0	0.0	0.0	0.0	0.0	0.0	0.0	0.0	0.0	0.0	0.0	0.0	0.0	0.0	0.0	0.0	0.0	0.0	0.0	0.0	0.0	0.0	0.93267	0.67724	0.0	0.17719	0.0	0.0	0.0	0.0
k__Bacteria|p__Firmicutes|c__Erysipelotrichia|o__Erysipelotrichales|f__Erysipelotrichaceae|g__Erysipelotrichaceae_unclassified|s__Erysipelotrichaceae_bacterium_NYU_BL_F16|t__SGB4048	0.0	0.0	0.0	0.0	0.0	0.0	0.0	0.0	0.0	0.0	0.0	0.0	0.0	0.0	0.0	0.0	0.0	0.0	0.09843	0.87738	0.0	0.0	0.0	0.0	0.0	0.0	0.0	0.0	0.0	0.0	0.0	0.0	0.0	0.0	0.0	0.0	0.0	0.0	0.0	0.0	0.0	0.0	0.0	0.0	0.0	0.93267	0.67724	0.0	0.17719	0.0	0.0	0.0	0.0
k__Bacteria|p__Proteobacteria|c__Gammaproteobacteria|o__Pseudomonadales	0.0	0.0	0.0	0.0	0.0	0.0	0.0	0.0	0.0	0.0	0.0	0.0	0.0	0.0	0.0	0.0	0.0	0.0	0.0	0.0	0.0	0.0	0.0	0.0	0.0	0.0	0.0	0.0	0.0	1.50147	0.00318	0.0	0.0	0.0	0.0	0.0	0.0	0.0	0.0	0.0	0.0	0.0	0.0	0.0	0.0	0.0	0.0	0.0	0.0	0.0	0.0	0.0	0.0
k__Bacteria|p__Proteobacteria|c__Gammaproteobacteria|o__Pseudomonadales|f__Pseudomonadaceae	0.0	0.0	0.0	0.0	0.0	0.0	0.0	0.0	0.0	0.0	0.0	0.0	0.0	0.0	0.0	0.0	0.0	0.0	0.0	0.0	0.0	0.0	0.0	0.0	0.0	0.0	0.0	0.0	0.0	1.50147	0.00318	0.0	0.0	0.0	0.0	0.0	0.0	0.0	0.0	0.0	0.0	0.0	0.0	0.0	0.0	0.0	0.0	0.0	0.0	0.0	0.0	0.0	0.0
k__Bacteria|p__Proteobacteria|c__Gammaproteobacteria|o__Pseudomonadales|f__Pseudomonadaceae|g__Pseudomonas	0.0	0.0	0.0	0.0	0.0	0.0	0.0	0.0	0.0	0.0	0.0	0.0	0.0	0.0	0.0	0.0	0.0	0.0	0.0	0.0	0.0	0.0	0.0	0.0	0.0	0.0	0.0	0.0	0.0	1.50147	0.00318	0.0	0.0	0.0	0.0	0.0	0.0	0.0	0.0	0.0	0.0	0.0	0.0	0.0	0.0	0.0	0.0	0.0	0.0	0.0	0.0	0.0	0.0
k__Bacteria|p__Proteobacteria|c__Gammaproteobacteria|o__Pseudomonadales|f__Pseudomonadaceae|g__Pseudomonas|s__Pseudomonas_aeruginosa	0.0	0.0	0.0	0.0	0.0	0.0	0.0	0.0	0.0	0.0	0.0	0.0	0.0	0.0	0.0	0.0	0.0	0.0	0.0	0.0	0.0	0.0	0.0	0.0	0.0	0.0	0.0	0.0	0.0	1.50147	0.00318	0.0	0.0	0.0	0.0	0.0	0.0	0.0	0.0	0.0	0.0	0.0	0.0	0.0	0.0	0.0	0.0	0.0	0.0	0.0	0.0	0.0	0.0
k__Bacteria|p__Proteobacteria|c__Gammaproteobacteria|o__Pseudomonadales|f__Pseudomonadaceae|g__Pseudomonas|s__Pseudomonas_aeruginosa|t__SGB12320	0.0	0.0	0.0	0.0	0.0	0.0	0.0	0.0	0.0	0.0	0.0	0.0	0.0	0.0	0.0	0.0	0.0	0.0	0.0	0.0	0.0	0.0	0.0	0.0	0.0	0.0	0.0	0.0	0.0	1.50147	0.00318	0.0	0.0	0.0	0.0	0.0	0.0	0.0	0.0	0.0	0.0	0.0	0.0	0.0	0.0	0.0	0.0	0.0	0.0	0.0	0.0	0.0	0.0
k__Bacteria|p__Proteobacteria|c__Betaproteobacteria	0.0	0.0	0.0	0.0	0.0	0.0	0.0	0.0	0.0	0.0	0.0	0.0	0.0	0.0	0.0	0.0	0.0	0.0	0.0	0.0	0.0	0.0	0.0	0.0	0.0	0.0	0.0	0.0	0.0	0.0	0.0	0.02496	0.0	0.0	0.0	0.0	0.0	0.0	0.0	0.0	0.0	0.0	0.0	0.0	0.0	0.0	0.0	0.0	0.0	0.0	0.0	0.0	0.0
k__Bacteria|p__Actinobacteria|c__Coriobacteriia|o__Coriobacteriales	0.0	0.0	0.0	0.0	0.0	0.0	0.0	0.0	0.0	0.0	0.0	0.0	0.0	0.0	0.0	0.0	0.0	0.0	0.0	0.0	0.0	0.0	0.0	0.0	0.0	0.0	0.0	0.0	0.0	0.0	0.0	0.42055	0.0	0.0	0.0	0.0	0.0	0.0	0.0	0.0	0.0	0.0	0.0	0.0	0.0	0.0	0.0	0.0	0.0	0.0	0.0	0.0	0.0
k__Bacteria|p__Actinobacteria|c__Actinomycetia|o__Bifidobacteriales	0.0	0.0	0.0	0.0	0.0	0.0	0.0	0.0	0.0	0.0	0.0	0.0	0.0	0.0	0.0	0.0	0.0	0.0	0.0	0.0	0.0	0.0	0.0	0.0	0.0	0.0	0.0	0.0	0.0	0.0	0.0	0.20255	0.0	0.0	0.0	0.0	0.0	0.0	0.0	0.0	0.0	0.0	0.0	0.0	0.0	0.0	0.0	0.0	0.0	0.0	0.0	0.0	0.0
k__Bacteria|p__Proteobacteria|c__Betaproteobacteria|o__Burkholderiales	0.0	0.0	0.0	0.0	0.0	0.0	0.0	0.0	0.0	0.0	0.0	0.0	0.0	0.0	0.0	0.0	0.0	0.0	0.0	0.0	0.0	0.0	0.0	0.0	0.0	0.0	0.0	0.0	0.0	0.0	0.0	0.02496	0.0	0.0	0.0	0.0	0.0	0.0	0.0	0.0	0.0	0.0	0.0	0.0	0.0	0.0	0.0	0.0	0.0	0.0	0.0	0.0	0.0
k__Bacteria|p__Actinobacteria|c__Coriobacteriia|o__Coriobacteriales|f__Atopobiaceae	0.0	0.0	0.0	0.0	0.0	0.0	0.0	0.0	0.0	0.0	0.0	0.0	0.0	0.0	0.0	0.0	0.0	0.0	0.0	0.0	0.0	0.0	0.0	0.0	0.0	0.0	0.0	0.0	0.0	0.0	0.0	0.38023	0.0	0.0	0.0	0.0	0.0	0.0	0.0	0.0	0.0	0.0	0.0	0.0	0.0	0.0	0.0	0.0	0.0	0.0	0.0	0.0	0.0
k__Bacteria|p__Actinobacteria|c__Actinomycetia|o__Bifidobacteriales|f__Bifidobacteriaceae	0.0	0.0	0.0	0.0	0.0	0.0	0.0	0.0	0.0	0.0	0.0	0.0	0.0	0.0	0.0	0.0	0.0	0.0	0.0	0.0	0.0	0.0	0.0	0.0	0.0	0.0	0.0	0.0	0.0	0.0	0.0	0.20255	0.0	0.0	0.0	0.0	0.0	0.0	0.0	0.0	0.0	0.0	0.0	0.0	0.0	0.0	0.0	0.0	0.0	0.0	0.0	0.0	0.0
k__Bacteria|p__Actinobacteria|c__Coriobacteriia|o__Coriobacteriales|f__Coriobacteriaceae	0.0	0.0	0.0	0.0	0.0	0.0	0.0	0.0	0.0	0.0	0.0	0.0	0.0	0.0	0.0	0.0	0.0	0.0	0.0	0.0	0.0	0.0	0.0	0.0	0.0	0.0	0.0	0.0	0.0	0.0	0.0	0.04032	0.0	0.0	0.0	0.0	0.0	0.0	0.0	0.0	0.0	0.0	0.0	0.0	0.0	0.0	0.0	0.0	0.0	0.0	0.0	0.0	0.0
k__Bacteria|p__Proteobacteria|c__Betaproteobacteria|o__Burkholderiales|f__Comamonadaceae	0.0	0.0	0.0	0.0	0.0	0.0	0.0	0.0	0.0	0.0	0.0	0.0	0.0	0.0	0.0	0.0	0.0	0.0	0.0	0.0	0.0	0.0	0.0	0.0	0.0	0.0	0.0	0.0	0.0	0.0	0.0	0.02496	0.0	0.0	0.0	0.0	0.0	0.0	0.0	0.0	0.0	0.0	0.0	0.0	0.0	0.0	0.0	0.0	0.0	0.0	0.0	0.0	0.0
k__Bacteria|p__Actinobacteria|c__Coriobacteriia|o__Coriobacteriales|f__Atopobiaceae|g__Atopobiaceae_unclassified	0.0	0.0	0.0	0.0	0.0	0.0	0.0	0.0	0.0	0.0	0.0	0.0	0.0	0.0	0.0	0.0	0.0	0.0	0.0	0.0	0.0	0.0	0.0	0.0	0.0	0.0	0.0	0.0	0.0	0.0	0.0	0.38023	0.0	0.0	0.0	0.0	0.0	0.0	0.0	0.0	0.0	0.0	0.0	0.0	0.0	0.0	0.0	0.0	0.0	0.0	0.0	0.0	0.0
k__Bacteria|p__Actinobacteria|c__Actinomycetia|o__Bifidobacteriales|f__Bifidobacteriaceae|g__Bifidobacterium	0.0	0.0	0.0	0.0	0.0	0.0	0.0	0.0	0.0	0.0	0.0	0.0	0.0	0.0	0.0	0.0	0.0	0.0	0.0	0.0	0.0	0.0	0.0	0.0	0.0	0.0	0.0	0.0	0.0	0.0	0.0	0.20255	0.0	0.0	0.0	0.0	0.0	0.0	0.0	0.0	0.0	0.0	0.0	0.0	0.0	0.0	0.0	0.0	0.0	0.0	0.0	0.0	0.0
k__Bacteria|p__Actinobacteria|c__Coriobacteriia|o__Coriobacteriales|f__Coriobacteriaceae|g__Coriobacteriaceae_unclassified	0.0	0.0	0.0	0.0	0.0	0.0	0.0	0.0	0.0	0.0	0.0	0.0	0.0	0.0	0.0	0.0	0.0	0.0	0.0	0.0	0.0	0.0	0.0	0.0	0.0	0.0	0.0	0.0	0.0	0.0	0.0	0.04032	0.0	0.0	0.0	0.0	0.0	0.0	0.0	0.0	0.0	0.0	0.0	0.0	0.0	0.0	0.0	0.0	0.0	0.0	0.0	0.0	0.0
k__Bacteria|p__Firmicutes|c__Bacilli|o__Lactobacillales|f__Lactobacillaceae|g__Lactiplantibacillus	0.0	0.0	0.0	0.0	0.0	0.0	0.0	0.0	0.0	0.0	0.0	0.0	0.0	0.0	0.0	0.0	0.0	0.0	0.0	0.0	0.0	0.0	0.0	0.0	0.0	0.0	0.0	0.0	0.0	0.0	0.0	0.03267	0.0	0.0	0.0	0.0	0.0	0.0	0.0	0.0	0.0	0.0	0.0	0.0	0.0	0.0	0.0	0.0	0.0	0.0	0.0	0.0	0.0
k__Bacteria|p__Actinobacteria|c__CFGB73496|o__OFGB73496|f__FGB73496|g__GGB80032	0.0	0.0	0.0	0.0	0.0	0.0	0.0	0.0	0.0	0.0	0.0	0.0	0.0	0.0	0.0	0.0	0.0	0.0	0.0	0.0	0.0	0.0	0.0	0.0	0.0	0.0	0.0	0.0	0.0	0.0	0.0	0.02917	0.0	0.0	0.0	0.0	0.0	0.0	0.0	0.0	0.0	0.0	0.0	0.0	0.0	0.0	0.0	0.0	0.0	0.0	0.0	0.0	0.0
k__Bacteria|p__Proteobacteria|c__Betaproteobacteria|o__Burkholderiales|f__Comamonadaceae|g__Comamonas	0.0	0.0	0.0	0.0	0.0	0.0	0.0	0.0	0.0	0.0	0.0	0.0	0.0	0.0	0.0	0.0	0.0	0.0	0.0	0.0	0.0	0.0	0.0	0.0	0.0	0.0	0.0	0.0	0.0	0.0	0.0	0.02496	0.0	0.0	0.0	0.0	0.0	0.0	0.0	0.0	0.0	0.0	0.0	0.0	0.0	0.0	0.0	0.0	0.0	0.0	0.0	0.0	0.0
k__Bacteria|p__Actinobacteria|c__Coriobacteriia|o__Coriobacteriales|f__Atopobiaceae|g__Atopobiaceae_unclassified|s__Atopobiaceae_bacterium_FL090493	0.0	0.0	0.0	0.0	0.0	0.0	0.0	0.0	0.0	0.0	0.0	0.0	0.0	0.0	0.0	0.0	0.0	0.0	0.0	0.0	0.0	0.0	0.0	0.0	0.0	0.0	0.0	0.0	0.0	0.0	0.0	0.38023	0.0	0.0	0.0	0.0	0.0	0.0	0.0	0.0	0.0	0.0	0.0	0.0	0.0	0.0	0.0	0.0	0.0	0.0	0.0	0.0	0.0
k__Bacteria|p__Actinobacteria|c__Actinomycetia|o__Bifidobacteriales|f__Bifidobacteriaceae|g__Bifidobacterium|s__Bifidobacterium_pseudolongum	0.0	0.0	0.0	0.0	0.0	0.0	0.0	0.0	0.0	0.0	0.0	0.0	0.0	0.0	0.0	0.0	0.0	0.0	0.0	0.0	0.0	0.0	0.0	0.0	0.0	0.0	0.0	0.0	0.0	0.0	0.0	0.20255	0.0	0.0	0.0	0.0	0.0	0.0	0.0	0.0	0.0	0.0	0.0	0.0	0.0	0.0	0.0	0.0	0.0	0.0	0.0	0.0	0.0
k__Bacteria|p__Firmicutes|c__Bacilli|o__Lactobacillales|f__Lactobacillaceae|g__Lactobacillus|s__Lactobacillus_johnsonii	0.0	0.0	0.0	0.0	0.0	0.0	0.0	0.0	0.0	0.0	0.0	0.0	0.0	0.0	0.0	0.0	0.0	0.0	0.0	0.0	0.0	0.0	0.0	0.0	0.0	0.0	0.0	0.0	0.0	0.0	0.0	0.04314	0.0	0.0	0.0	0.0	0.0	0.0	0.0	0.0	0.0	0.0	0.0	0.0	0.0	0.0	0.0	0.0	0.0	0.0	0.0	0.0	0.0
k__Bacteria|p__Actinobacteria|c__Coriobacteriia|o__Coriobacteriales|f__Coriobacteriaceae|g__Coriobacteriaceae_unclassified|s__Coriobacteriaceae_bacterium	0.0	0.0	0.0	0.0	0.0	0.0	0.0	0.0	0.0	0.0	0.0	0.0	0.0	0.0	0.0	0.0	0.0	0.0	0.0	0.0	0.0	0.0	0.0	0.0	0.0	0.0	0.0	0.0	0.0	0.0	0.0	0.04032	0.0	0.0	0.0	0.0	0.0	0.0	0.0	0.0	0.0	0.0	0.0	0.0	0.0	0.0	0.0	0.0	0.0	0.0	0.0	0.0	0.0
k__Bacteria|p__Actinobacteria|c__Coriobacteriia|o__Eggerthellales|f__Eggerthellaceae|g__Adlercreutzia|s__Adlercreutzia_caecimuris	0.0	0.0	0.0	0.0	0.0	0.0	0.0	0.0	0.0	0.0	0.0	0.0	0.0	0.0	0.0	0.0	0.0	0.0	0.0	0.0	0.0	0.0	0.0	0.0	0.0	0.0	0.0	0.0	0.0	0.0	0.0	0.03468	0.0	0.0	0.0	0.0	0.0	0.0	0.0	0.0	0.0	0.0	0.0	0.0	0.0	0.0	0.0	0.0	0.0	0.0	0.0	0.0	0.0
k__Bacteria|p__Firmicutes|c__Bacilli|o__Lactobacillales|f__Lactobacillaceae|g__Lactiplantibacillus|s__Lactiplantibacillus_SGB41406	0.0	0.0	0.0	0.0	0.0	0.0	0.0	0.0	0.0	0.0	0.0	0.0	0.0	0.0	0.0	0.0	0.0	0.0	0.0	0.0	0.0	0.0	0.0	0.0	0.0	0.0	0.0	0.0	0.0	0.0	0.0	0.03267	0.0	0.0	0.0	0.0	0.0	0.0	0.0	0.0	0.0	0.0	0.0	0.0	0.0	0.0	0.0	0.0	0.0	0.0	0.0	0.0	0.0
k__Bacteria|p__Actinobacteria|c__CFGB73496|o__OFGB73496|f__FGB73496|g__GGB80032|s__GGB80032_SGB42945	0.0	0.0	0.0	0.0	0.0	0.0	0.0	0.0	0.0	0.0	0.0	0.0	0.0	0.0	0.0	0.0	0.0	0.0	0.0	0.0	0.0	0.0	0.0	0.0	0.0	0.0	0.0	0.0	0.0	0.0	0.0	0.02917	0.0	0.0	0.0	0.0	0.0	0.0	0.0	0.0	0.0	0.0	0.0	0.0	0.0	0.0	0.0	0.0	0.0	0.0	0.0	0.0	0.0
k__Bacteria|p__Proteobacteria|c__Betaproteobacteria|o__Burkholderiales|f__Comamonadaceae|g__Comamonas|s__Comamonas_SGB21443	0.0	0.0	0.0	0.0	0.0	0.0	0.0	0.0	0.0	0.0	0.0	0.0	0.0	0.0	0.0	0.0	0.0	0.0	0.0	0.0	0.0	0.0	0.0	0.0	0.0	0.0	0.0	0.0	0.0	0.0	0.0	0.02496	0.0	0.0	0.0	0.0	0.0	0.0	0.0	0.0	0.0	0.0	0.0	0.0	0.0	0.0	0.0	0.0	0.0	0.0	0.0	0.0	0.0
k__Bacteria|p__Actinobacteria|c__Coriobacteriia|o__Eggerthellales|f__Eggerthellaceae|g__Adlercreutzia|s__Adlercreutzia_mucosicola	0.0	0.0	0.0	0.0	0.0	0.0	0.0	0.0	0.0	0.0	0.0	0.0	0.0	0.0	0.0	0.0	0.0	0.0	0.0	0.0	0.0	0.0	0.0	0.0	0.0	0.0	0.0	0.0	0.0	0.0	0.0	0.00341	0.0	0.0	0.0	0.0	0.0	0.0	0.0	0.0	0.0	0.0	0.0	0.0	0.0	0.0	0.0	0.0	0.0	0.0	0.0	0.0	0.0
k__Bacteria|p__Actinobacteria|c__Coriobacteriia|o__Coriobacteriales|f__Atopobiaceae|g__Atopobiaceae_unclassified|s__Atopobiaceae_bacterium_FL090493|t__SGB33580	0.0	0.0	0.0	0.0	0.0	0.0	0.0	0.0	0.0	0.0	0.0	0.0	0.0	0.0	0.0	0.0	0.0	0.0	0.0	0.0	0.0	0.0	0.0	0.0	0.0	0.0	0.0	0.0	0.0	0.0	0.0	0.38023	0.0	0.0	0.0	0.0	0.0	0.0	0.0	0.0	0.0	0.0	0.0	0.0	0.0	0.0	0.0	0.0	0.0	0.0	0.0	0.0	0.0
k__Bacteria|p__Actinobacteria|c__Actinomycetia|o__Bifidobacteriales|f__Bifidobacteriaceae|g__Bifidobacterium|s__Bifidobacterium_pseudolongum|t__SGB17279	0.0	0.0	0.0	0.0	0.0	0.0	0.0	0.0	0.0	0.0	0.0	0.0	0.0	0.0	0.0	0.0	0.0	0.0	0.0	0.0	0.0	0.0	0.0	0.0	0.0	0.0	0.0	0.0	0.0	0.0	0.0	0.20255	0.0	0.0	0.0	0.0	0.0	0.0	0.0	0.0	0.0	0.0	0.0	0.0	0.0	0.0	0.0	0.0	0.0	0.0	0.0	0.0	0.0
k__Bacteria|p__Firmicutes|c__Bacilli|o__Lactobacillales|f__Lactobacillaceae|g__Lactobacillus|s__Lactobacillus_johnsonii|t__SGB7041	0.0	0.0	0.0	0.0	0.0	0.0	0.0	0.0	0.0	0.0	0.0	0.0	0.0	0.0	0.0	0.0	0.0	0.0	0.0	0.0	0.0	0.0	0.0	0.0	0.0	0.0	0.0	0.0	0.0	0.0	0.0	0.04314	0.0	0.0	0.0	0.0	0.0	0.0	0.0	0.0	0.0	0.0	0.0	0.0	0.0	0.0	0.0	0.0	0.0	0.0	0.0	0.0	0.0
k__Bacteria|p__Actinobacteria|c__Coriobacteriia|o__Coriobacteriales|f__Coriobacteriaceae|g__Coriobacteriaceae_unclassified|s__Coriobacteriaceae_bacterium|t__SGB33579	0.0	0.0	0.0	0.0	0.0	0.0	0.0	0.0	0.0	0.0	0.0	0.0	0.0	0.0	0.0	0.0	0.0	0.0	0.0	0.0	0.0	0.0	0.0	0.0	0.0	0.0	0.0	0.0	0.0	0.0	0.0	0.04032	0.0	0.0	0.0	0.0	0.0	0.0	0.0	0.0	0.0	0.0	0.0	0.0	0.0	0.0	0.0	0.0	0.0	0.0	0.0	0.0	0.0
k__Bacteria|p__Actinobacteria|c__Coriobacteriia|o__Eggerthellales|f__Eggerthellaceae|g__Adlercreutzia|s__Adlercreutzia_caecimuris|t__SGB14802	0.0	0.0	0.0	0.0	0.0	0.0	0.0	0.0	0.0	0.0	0.0	0.0	0.0	0.0	0.0	0.0	0.0	0.0	0.0	0.0	0.0	0.0	0.0	0.0	0.0	0.0	0.0	0.0	0.0	0.0	0.0	0.03468	0.0	0.0	0.0	0.0	0.0	0.0	0.0	0.0	0.0	0.0	0.0	0.0	0.0	0.0	0.0	0.0	0.0	0.0	0.0	0.0	0.0
k__Bacteria|p__Firmicutes|c__Bacilli|o__Lactobacillales|f__Lactobacillaceae|g__Lactiplantibacillus|s__Lactiplantibacillus_SGB41406|t__SGB41406	0.0	0.0	0.0	0.0	0.0	0.0	0.0	0.0	0.0	0.0	0.0	0.0	0.0	0.0	0.0	0.0	0.0	0.0	0.0	0.0	0.0	0.0	0.0	0.0	0.0	0.0	0.0	0.0	0.0	0.0	0.0	0.03267	0.0	0.0	0.0	0.0	0.0	0.0	0.0	0.0	0.0	0.0	0.0	0.0	0.0	0.0	0.0	0.0	0.0	0.0	0.0	0.0	0.0
k__Bacteria|p__Actinobacteria|c__CFGB73496|o__OFGB73496|f__FGB73496|g__GGB80032|s__GGB80032_SGB42945|t__SGB42945	0.0	0.0	0.0	0.0	0.0	0.0	0.0	0.0	0.0	0.0	0.0	0.0	0.0	0.0	0.0	0.0	0.0	0.0	0.0	0.0	0.0	0.0	0.0	0.0	0.0	0.0	0.0	0.0	0.0	0.0	0.0	0.02917	0.0	0.0	0.0	0.0	0.0	0.0	0.0	0.0	0.0	0.0	0.0	0.0	0.0	0.0	0.0	0.0	0.0	0.0	0.0	0.0	0.0
k__Bacteria|p__Proteobacteria|c__Betaproteobacteria|o__Burkholderiales|f__Comamonadaceae|g__Comamonas|s__Comamonas_SGB21443|t__SGB21443	0.0	0.0	0.0	0.0	0.0	0.0	0.0	0.0	0.0	0.0	0.0	0.0	0.0	0.0	0.0	0.0	0.0	0.0	0.0	0.0	0.0	0.0	0.0	0.0	0.0	0.0	0.0	0.0	0.0	0.0	0.0	0.02496	0.0	0.0	0.0	0.0	0.0	0.0	0.0	0.0	0.0	0.0	0.0	0.0	0.0	0.0	0.0	0.0	0.0	0.0	0.0	0.0	0.0
k__Bacteria|p__Actinobacteria|c__Coriobacteriia|o__Eggerthellales|f__Eggerthellaceae|g__Adlercreutzia|s__Adlercreutzia_mucosicola|t__SGB33554	0.0	0.0	0.0	0.0	0.0	0.0	0.0	0.0	0.0	0.0	0.0	0.0	0.0	0.0	0.0	0.0	0.0	0.0	0.0	0.0	0.0	0.0	0.0	0.0	0.0	0.0	0.0	0.0	0.0	0.0	0.0	0.00341	0.0	0.0	0.0	0.0	0.0	0.0	0.0	0.0	0.0	0.0	0.0	0.0	0.0	0.0	0.0	0.0	0.0	0.0	0.0	0.0	0.0
k__Bacteria|p__Firmicutes|c__CFGB8118|o__OFGB8118|f__FGB8118|g__GGB29005	0.0	0.0	0.0	0.0	0.0	0.0	0.0	0.0	0.0	0.0	0.0	0.0	0.0	0.0	0.0	0.0	0.0	0.0	0.0	0.0	0.0	0.0	0.0	0.0	0.0	0.0	0.0	0.0	0.0	0.0	0.0	0.0	0.0	0.06701	0.0	0.0	0.0	0.0	0.0	0.0	0.0	0.0	0.0	0.0	0.0	0.0	0.0	0.0	0.0	0.0	0.0	0.0	0.0
k__Bacteria|p__Firmicutes|c__Clostridia|o__Eubacteriales|f__Lachnospiraceae|g__Lachnospiraceae_unclassified|s__Lachnospiraceae_bacterium_A2	0.0	0.0	0.0	0.0	0.0	0.0	0.0	0.0	0.0	0.0	0.0	0.0	0.0	0.0	0.0	0.0	0.0	0.0	0.0	0.0	0.0	0.0	0.0	0.0	0.0	0.0	0.0	0.0	0.0	0.0	0.0	0.0	0.0	0.08631	0.0	0.0	0.0	0.0	0.0	0.0	0.0	0.0	0.0	0.0	0.0	0.0	0.0	0.0	0.0	0.0	0.0	0.0	0.0
k__Bacteria|p__Firmicutes|c__CFGB8118|o__OFGB8118|f__FGB8118|g__GGB29005|s__GGB29005_SGB41723	0.0	0.0	0.0	0.0	0.0	0.0	0.0	0.0	0.0	0.0	0.0	0.0	0.0	0.0	0.0	0.0	0.0	0.0	0.0	0.0	0.0	0.0	0.0	0.0	0.0	0.0	0.0	0.0	0.0	0.0	0.0	0.0	0.0	0.06701	0.0	0.0	0.0	0.0	0.0	0.0	0.0	0.0	0.0	0.0	0.0	0.0	0.0	0.0	0.0	0.0	0.0	0.0	0.0
k__Bacteria|p__Firmicutes|c__Clostridia|o__Eubacteriales|f__Lachnospiraceae|g__Lachnospiraceae_unclassified|s__Lachnospiraceae_bacterium_A2|t__SGB7277	0.0	0.0	0.0	0.0	0.0	0.0	0.0	0.0	0.0	0.0	0.0	0.0	0.0	0.0	0.0	0.0	0.0	0.0	0.0	0.0	0.0	0.0	0.0	0.0	0.0	0.0	0.0	0.0	0.0	0.0	0.0	0.0	0.0	0.08631	0.0	0.0	0.0	0.0	0.0	0.0	0.0	0.0	0.0	0.0	0.0	0.0	0.0	0.0	0.0	0.0	0.0	0.0	0.0
k__Bacteria|p__Firmicutes|c__CFGB8118|o__OFGB8118|f__FGB8118|g__GGB29005|s__GGB29005_SGB41723|t__SGB41723	0.0	0.0	0.0	0.0	0.0	0.0	0.0	0.0	0.0	0.0	0.0	0.0	0.0	0.0	0.0	0.0	0.0	0.0	0.0	0.0	0.0	0.0	0.0	0.0	0.0	0.0	0.0	0.0	0.0	0.0	0.0	0.0	0.0	0.06701	0.0	0.0	0.0	0.0	0.0	0.0	0.0	0.0	0.0	0.0	0.0	0.0	0.0	0.0	0.0	0.0	0.0	0.0	0.0
k__Bacteria|p__Verrucomicrobia	0.0	0.0	0.0	0.0	0.0	0.0	0.0	0.0	0.0	0.0	0.0	0.0	0.0	0.0	0.0	0.0	0.0	0.0	0.0	0.0	0.0	0.0	0.0	0.0	0.0	0.0	0.0	0.0	0.0	0.0	0.0	0.0	0.0	0.0	0.0	0.0	0.0	0.0	0.0	0.0	0.0	0.0	0.0	0.0	0.0	0.0	0.01949	0.0	0.0	0.0	0.0	0.0	0.0
k__Bacteria|p__Firmicutes|c__CFGB9508	0.0	0.0	0.0	0.0	0.0	0.0	0.0	0.0	0.0	0.0	0.0	0.0	0.0	0.0	0.0	0.0	0.0	0.0	0.0	0.0	0.0	0.0	0.0	0.0	0.0	0.0	0.0	0.0	0.0	0.0	0.0	0.0	0.0	0.0	0.0	0.0	0.0	0.0	0.0	0.0	0.0	0.0	0.0	0.0	0.0	0.0	0.06563	0.0	0.0	0.0	0.0	0.0	0.0
k__Bacteria|p__Verrucomicrobia|c__Verrucomicrobiae	0.0	0.0	0.0	0.0	0.0	0.0	0.0	0.0	0.0	0.0	0.0	0.0	0.0	0.0	0.0	0.0	0.0	0.0	0.0	0.0	0.0	0.0	0.0	0.0	0.0	0.0	0.0	0.0	0.0	0.0	0.0	0.0	0.0	0.0	0.0	0.0	0.0	0.0	0.0	0.0	0.0	0.0	0.0	0.0	0.0	0.0	0.01949	0.0	0.0	0.0	0.0	0.0	0.0
k__Bacteria|p__Firmicutes|c__CFGB9508|o__OFGB9508	0.0	0.0	0.0	0.0	0.0	0.0	0.0	0.0	0.0	0.0	0.0	0.0	0.0	0.0	0.0	0.0	0.0	0.0	0.0	0.0	0.0	0.0	0.0	0.0	0.0	0.0	0.0	0.0	0.0	0.0	0.0	0.0	0.0	0.0	0.0	0.0	0.0	0.0	0.0	0.0	0.0	0.0	0.0	0.0	0.0	0.0	0.06563	0.0	0.0	0.0	0.0	0.0	0.0
k__Bacteria|p__Verrucomicrobia|c__Verrucomicrobiae|o__Verrucomicrobiales	0.0	0.0	0.0	0.0	0.0	0.0	0.0	0.0	0.0	0.0	0.0	0.0	0.0	0.0	0.0	0.0	0.0	0.0	0.0	0.0	0.0	0.0	0.0	0.0	0.0	0.0	0.0	0.0	0.0	0.0	0.0	0.0	0.0	0.0	0.0	0.0	0.0	0.0	0.0	0.0	0.0	0.0	0.0	0.0	0.0	0.0	0.01949	0.0	0.0	0.0	0.0	0.0	0.0
k__Bacteria|p__Firmicutes|c__CFGB9508|o__OFGB9508|f__FGB9508	0.0	0.0	0.0	0.0	0.0	0.0	0.0	0.0	0.0	0.0	0.0	0.0	0.0	0.0	0.0	0.0	0.0	0.0	0.0	0.0	0.0	0.0	0.0	0.0	0.0	0.0	0.0	0.0	0.0	0.0	0.0	0.0	0.0	0.0	0.0	0.0	0.0	0.0	0.0	0.0	0.0	0.0	0.0	0.0	0.0	0.0	0.06563	0.0	0.0	0.0	0.0	0.0	0.0
k__Bacteria|p__Verrucomicrobia|c__Verrucomicrobiae|o__Verrucomicrobiales|f__Akkermansiaceae	0.0	0.0	0.0	0.0	0.0	0.0	0.0	0.0	0.0	0.0	0.0	0.0	0.0	0.0	0.0	0.0	0.0	0.0	0.0	0.0	0.0	0.0	0.0	0.0	0.0	0.0	0.0	0.0	0.0	0.0	0.0	0.0	0.0	0.0	0.0	0.0	0.0	0.0	0.0	0.0	0.0	0.0	0.0	0.0	0.0	0.0	0.01949	0.0	0.0	0.0	0.0	0.0	0.0
k__Bacteria|p__Bacteroidetes|c__CFGB9508|o__OFGB9508|f__FGB9508|g__GGB27851	0.0	0.0	0.0	0.0	0.0	0.0	0.0	0.0	0.0	0.0	0.0	0.0	0.0	0.0	0.0	0.0	0.0	0.0	0.0	0.0	0.0	0.0	0.0	0.0	0.0	0.0	0.0	0.0	0.0	0.0	0.0	0.0	0.0	0.0	0.0	0.0	0.0	0.0	0.0	0.0	0.0	0.0	0.0	0.0	0.0	0.0	0.06563	0.0	0.0	0.0	0.0	0.0	0.0
k__Bacteria|p__Verrucomicrobia|c__Verrucomicrobiae|o__Verrucomicrobiales|f__Akkermansiaceae|g__Akkermansia	0.0	0.0	0.0	0.0	0.0	0.0	0.0	0.0	0.0	0.0	0.0	0.0	0.0	0.0	0.0	0.0	0.0	0.0	0.0	0.0	0.0	0.0	0.0	0.0	0.0	0.0	0.0	0.0	0.0	0.0	0.0	0.0	0.0	0.0	0.0	0.0	0.0	0.0	0.0	0.0	0.0	0.0	0.0	0.0	0.0	0.0	0.01949	0.0	0.0	0.0	0.0	0.0	0.0
k__Bacteria|p__Bacteroidetes|c__CFGB9508|o__OFGB9508|f__FGB9508|g__GGB27851|s__GGB27851_SGB40285	0.0	0.0	0.0	0.0	0.0	0.0	0.0	0.0	0.0	0.0	0.0	0.0	0.0	0.0	0.0	0.0	0.0	0.0	0.0	0.0	0.0	0.0	0.0	0.0	0.0	0.0	0.0	0.0	0.0	0.0	0.0	0.0	0.0	0.0	0.0	0.0	0.0	0.0	0.0	0.0	0.0	0.0	0.0	0.0	0.0	0.0	0.06563	0.0	0.0	0.0	0.0	0.0	0.0
k__Bacteria|p__Verrucomicrobia|c__Verrucomicrobiae|o__Verrucomicrobiales|f__Akkermansiaceae|g__Akkermansia|s__Akkermansia_muciniphila	0.0	0.0	0.0	0.0	0.0	0.0	0.0	0.0	0.0	0.0	0.0	0.0	0.0	0.0	0.0	0.0	0.0	0.0	0.0	0.0	0.0	0.0	0.0	0.0	0.0	0.0	0.0	0.0	0.0	0.0	0.0	0.0	0.0	0.0	0.0	0.0	0.0	0.0	0.0	0.0	0.0	0.0	0.0	0.0	0.0	0.0	0.01949	0.0	0.0	0.0	0.0	0.0	0.0
k__Bacteria|p__Bacteroidetes|c__CFGB9508|o__OFGB9508|f__FGB9508|g__GGB27851|s__GGB27851_SGB40285|t__SGB40285	0.0	0.0	0.0	0.0	0.0	0.0	0.0	0.0	0.0	0.0	0.0	0.0	0.0	0.0	0.0	0.0	0.0	0.0	0.0	0.0	0.0	0.0	0.0	0.0	0.0	0.0	0.0	0.0	0.0	0.0	0.0	0.0	0.0	0.0	0.0	0.0	0.0	0.0	0.0	0.0	0.0	0.0	0.0	0.0	0.0	0.0	0.06563	0.0	0.0	0.0	0.0	0.0	0.0
k__Bacteria|p__Verrucomicrobia|c__Verrucomicrobiae|o__Verrucomicrobiales|f__Akkermansiaceae|g__Akkermansia|s__Akkermansia_muciniphila|t__SGB9226	0.0	0.0	0.0	0.0	0.0	0.0	0.0	0.0	0.0	0.0	0.0	0.0	0.0	0.0	0.0	0.0	0.0	0.0	0.0	0.0	0.0	0.0	0.0	0.0	0.0	0.0	0.0	0.0	0.0	0.0	0.0	0.0	0.0	0.0	0.0	0.0	0.0	0.0	0.0	0.0	0.0	0.0	0.0	0.0	0.0	0.0	0.01949	0.0	0.0	0.0	0.0	0.0	0.0
